Ti  13.37737451  11.71822370  13.29822206
Ti  10.39791204  11.38479255  12.21231755
Ti  15.05145523  14.28728535  11.23394678
Ti  17.12504011  12.62537184  10.04397662
Ti  18.43337099  10.87739007  12.29478336
Ti  16.21343946  12.88410088  13.46459676
Ti  12.80139007  10.19909013  10.41708609
Ti  15.56953755  10.28365721  10.75921560
Ti  12.36281730  13.41225792  10.63827506
O  11.68808099  11.47305304  13.70475544
O  8.83732881  11.13490386  12.62627588
O  16.29639453  11.20229065  9.31083862
O  15.81335131  14.61325820  12.87772326
O  18.62436330  12.16188515  10.83434956
O  19.80909375  10.08359375  12.67117470
O  17.76943840  12.09885897  13.66809621
O  14.84370255  12.08575333  14.36746117
O  13.52252399  14.86600630  10.36013045
O  16.93063149  9.71370511  11.72057184
O  11.18877378  9.95568276  11.12431823
O  13.43711618  13.19141608  12.16949026
O  13.89963233  10.52944741  11.95903138
O  14.28728160  9.21533360  9.90152933
O  16.35993211  14.31942989  9.96416424
O  12.91380719  11.90539598  9.73573652
O  10.74885785  13.09271874  11.29509204
O  15.88728381  12.36883502  11.56879100

