Ti  13.33000204  11.05063242  10.26345228
Ti  10.58565652  10.82923500  11.15591818
Ti  13.12835943  11.14630033  13.94338763
Ti  15.24539440  9.76065335  12.12089222
Ti  15.62867687  12.83051318  10.05763110
Ti  13.84548410  14.75037947  11.40281865
Ti  18.01274594  11.36064125  11.77439630
Ti  11.68218210  13.21931155  12.37484766
Ti  15.70455138  12.83633002  13.31681635
O  14.57093853  11.77594915  9.06396526
O  11.73564558  10.66884286  9.61033636
O  12.33989345  11.08522353  12.13512014
O  13.16352010  13.08314034  11.01946698
O  10.17290823  12.64580475  11.63903047
O  14.24077955  9.47755931  10.65720944
O  14.12240624  9.60355105  13.59479173
O  17.01368426  9.69647742  12.04798296
O  17.32469045  12.37579860  10.23726157
O  15.06415121  14.60081046  9.99843067
O  15.17512973  11.73003427  11.82720242
O  12.17596143  15.02486745  12.17020625
O  19.62778515  11.13383227  11.73178331
O  17.41872611  12.49459082  13.29258405
O  11.91133560  12.53869389  14.10152285
O  14.56269376  12.07606459  14.53645369
O  15.04052188  14.44706954  12.74805338
O  9.66538762  9.59091612  11.71396892

