Ti  12.81066436  11.78974587  13.62078222
Ti  12.77968512  9.36255150  12.00066596
Ti  10.88741427  13.94870981  11.80378781
Ti  15.41703638  10.41068724  11.46711564
Ti  15.25655882  13.29331138  9.85587705
Ti  12.48607292  11.57469992  10.09538676
Ti  15.23631943  13.95357669  13.45023257
Ti  17.74766776  12.68176507  11.92505351
Ti  13.97265380  15.36346727  11.35156538
O  12.22259431  15.27152334  11.36622876
O  11.55133977  12.95917735  13.34613662
O  12.25656154  10.00174371  13.66219573
O  13.50320127  11.22636664  11.84431122
O  14.45422741  8.78151100  11.85070595
O  9.37027697  14.54532934  11.94974233
O  11.09437478  12.54692233  10.50511818
O  15.45912192  11.09578869  9.90370872
O  13.57429286  12.56664073  9.10689683
O  12.04458346  9.73065336  10.38825618
O  16.96630865  13.78898074  13.33067682
O  14.25600535  12.62240918  14.35830814
O  16.78060232  11.05517281  12.37507409
O  19.37747479  12.52376701  11.95044505
O  16.98668899  13.29112881  10.24368367
O  14.80480872  15.09586402  9.73379152
O  14.66806594  15.65420076  13.05350143
O  14.58124513  13.53901367  11.68381043

