Ti  12.29082673  16.01795009  12.04055604
Ti  15.38004076  14.88359804  11.38722555
Ti  10.34616740  11.28517159  11.79171306
Ti  11.68083976  13.27194237  10.07157648
Ti  11.81145182  13.02408919  13.63085945
Ti  14.77799696  12.02143753  13.41700412
Ti  17.50881259  12.72183237  12.07232023
Ti  13.06404466  10.35423617  11.50167074
Ti  14.98580252  12.47203249  9.99327188
O  11.59881484  17.50130560  12.10474323
O  14.19634339  16.05854517  12.04695594
O  15.28851678  14.26273217  9.66753603
O  13.04665702  12.78648860  9.14768570
O  11.64003202  14.72051693  13.38921634
O  10.03119717  12.27128932  10.33987797
O  11.76248253  14.96842202  10.51582804
O  10.24140479  11.99488461  13.48050897
O  12.14255407  12.17361715  11.79834824
O  14.12086954  10.35766235  12.95830574
O  19.12193293  12.46717873  12.12944871
O  17.00039458  14.58993264  12.06064983
O  13.38567515  12.67142595  14.47870441
O  16.50188506  12.06631534  13.66142366
O  14.07566713  10.64977040  10.13898714
O  16.60883136  11.96145337  10.47378167
O  14.60788738  13.10278757  11.84206517
O  11.28081474  9.74847665  11.50157662

