Ti  16.94482326  12.31252440  11.35262291
Ti  14.29852257  10.26282019  11.02210485
Ti  14.10090459  13.18002301  10.04309842
Ti  10.46104474  12.24922113  11.13919336
Ti  12.98281206  15.06630476  12.90008165
Ti  15.15114052  13.64081254  13.66499689
Ti  11.85860679  9.74614084  12.31508808
Ti  11.58069227  14.59578980  10.06089209
Ti  12.41210335  12.07589732  13.78234533
O  16.75291586  13.23480711  13.04777149
O  15.92161202  10.64535391  11.57571728
O  15.86292449  13.32610556  10.08905950
O  14.10240597  12.32805494  14.47937050
O  18.48764298  12.07524393  10.85425830
O  13.95465496  11.34714320  9.62498256
O  10.66681301  10.33700490  11.09335043
O  9.92033664  13.77634035  10.11836116
O  12.07115805  14.00816755  13.94908125
O  14.49455875  15.35849498  13.94955386
O  11.98879712  15.72507094  11.43147747
O  11.72576226  10.39050735  14.09126522
O  14.10841145  13.75643714  12.06668558
O  13.17823160  8.79463157  11.48667803
O  13.15453138  14.43191499  9.05152062
O  10.51616651  12.42927987  12.83769746
O  12.13279470  12.98249871  10.76940162
O  13.10731862  11.18274065  12.21340658

