Ti  16.59289724  13.45637168  11.91238584
Ti  13.58101953  13.24677372  13.31821462
Ti  16.00144211  10.02336309  11.93986124
Ti  14.04364498  13.44850454  9.76622535
Ti  13.65664514  10.14423317  13.52972117
Ti  13.91414319  10.21847780  10.04781887
Ti  10.59414425  13.79256565  13.40997166
Ti  11.37497256  13.63067577  10.54082493
Ti  10.99125260  10.47527861  11.55351334
O  17.96276108  14.31992873  12.14347068
O  15.62922864  14.01132991  10.31296005
O  15.21620477  13.84335321  13.25334540
O  12.21048358  14.34078748  13.99402966
O  16.93161283  11.53390226  11.94923908
O  15.32344634  9.27292926  13.47371272
O  13.58144968  11.75548137  14.37276248
O  15.49792560  9.27285709  10.33770907
O  14.11066760  11.76969997  9.08770743
O  14.24987463  10.89651950  11.83957249
O  12.29199685  9.63864305  10.26661146
O  12.48252605  14.30732206  9.21944365
O  10.80983718  12.03494531  10.23977065
O  9.54057448  9.73437196  11.54397098
O  10.35065293  14.59624101  11.83238047
O  12.08606293  9.60813683  13.01974570
O  10.84744835  12.16216685  12.96159844
O  13.06540508  13.25536262  11.42852258

