Ti  11.05338685  9.84561332  10.69300374
Ti  11.84186168  10.35694075  13.27984069
Ti  17.38527145  10.47377935  10.89232867
Ti  14.06196878  10.35912531  11.20337491
Ti  16.36802194  12.41836450  13.23921897
Ti  15.92977450  13.21525823  10.19586364
Ti  13.71826753  12.82152108  13.86142752
Ti  10.41155677  12.62641425  10.68357950
Ti  13.31439299  13.87433692  10.66162056
O  9.97422189  10.95837530  9.82376877
O  12.75455456  9.59422477  10.08565113
O  12.36705069  11.71387990  14.45933267
O  10.59246381  9.27363506  12.38999310
O  15.60750445  9.65522795  10.86050446
O  18.62095335  9.49382908  10.46185460
O  13.31301033  9.54289941  12.80375424
O  14.72727640  11.64059151  12.80013310
O  13.25872715  13.97898428  12.51130113
O  14.29375765  12.22344558  10.40442710
O  17.08130780  11.97494628  9.65652338
O  16.43403005  13.63847517  11.88992824
O  14.72373679  14.61936503  9.76462356
O  17.48438041  11.12848892  12.74435369
O  15.31698025  13.15364431  14.66959064
O  9.27385005  13.25399303  11.68171296
O  11.72757113  11.43326994  11.69536185
O  11.68194340  13.84455177  9.95445461

