Ti  14.89544071  12.95837108  10.15920404
Ti  15.12978676  12.88160738  13.89858054
Ti  16.30257752  10.94517692  11.92904620
Ti  15.65471321  15.65621867  12.04103101
Ti  13.56670023  10.31450688  12.02227446
Ti  12.34330399  12.20809790  14.36112964
Ti  9.92103925  13.45210007  12.11135602
Ti  12.15048108  12.29315477  9.81505266
Ti  12.63864310  14.84981106  12.18517680
O  16.78179317  16.84162437  11.97875829
O  16.40612704  11.76565701  10.34262286
O  15.57775808  14.53487774  10.42929356
O  15.80476212  14.48035011  13.60269474
O  14.06592965  12.26716085  15.28470898
O  16.64237658  11.74445758  13.49685764
O  14.60923832  11.93146868  12.06265649
O  15.19129648  9.45258683  11.99170465
O  13.03932644  13.51494679  10.89495267
O  13.78108689  16.19688185  12.11205518
O  13.21904251  13.60363193  13.47388207
O  10.52202347  12.70457401  10.38160659
O  10.73907502  12.70226747  13.77278146
O  10.89249581  15.12408191  12.16396116
O  12.58518239  10.58281700  13.50411435
O  8.29342462  13.62384654  12.16878289
O  12.60862244  10.64351268  10.53271979
O  13.73820412  12.59455986  8.75017235

