Ti  13.82947447  14.69806841  10.66343645
Ti  15.26642218  11.84760113  9.83039951
Ti  12.30007607  10.38935787  10.08631192
Ti  11.39582037  13.25714168  10.63104277
Ti  15.03752337  13.49120328  12.89047296
Ti  16.87178222  11.26170154  12.14576760
Ti  14.40819171  9.82854318  12.68525864
Ti  12.50362766  12.14332878  13.47472363
Ti  9.76105755  11.96982689  12.65947876
O  17.01916968  11.36168038  10.33416667
O  11.33829550  9.27049433  9.40485692
O  8.55292860  10.86818366  12.77216965
O  11.67632081  12.10908056  9.34859298
O  12.15973247  14.97376182  10.10880818
O  14.85846521  13.62355439  9.59281479
O  14.13174684  10.73828572  9.19747680
O  13.29141951  10.52163683  13.91032667
O  10.94029066  12.42741589  14.18906137
O  16.79163162  12.81191475  13.09752704
O  16.31086140  9.70381615  12.86392458
O  13.47794843  9.27698802  11.36680552
O  11.53205505  11.44722879  11.85911496
O  9.73050747  13.31919253  11.32505004
O  14.96350947  15.13781178  12.09965726
O  13.14301816  13.36835220  11.79817012
O  13.94727238  13.21550988  14.23943343
O  14.95827993  11.62303956  11.81391285

