Ti  15.34650616  13.15389915  10.02766619
Ti  18.16668505  12.76377578  11.33316972
Ti  15.67930166  12.66197378  13.40535536
Ti  13.80526727  15.21812152  12.04988933
Ti  12.61020675  11.39586158  9.67948997
Ti  13.33073350  9.26493128  11.35836070
Ti  10.76924272  13.33667062  11.67356260
Ti  16.38409563  10.35175222  11.97182292
Ti  12.54122899  11.15227176  13.33472273
O  14.14680319  12.18082972  9.01175412
O  17.06722479  13.29687949  9.75580864
O  17.27564825  13.35655401  12.99425994
O  15.48850234  12.04850903  11.58121119
O  17.95485139  10.81194204  11.31380458
O  14.60571881  14.78324226  10.49802218
O  14.69550166  14.39650173  13.29527006
O  12.14684928  14.69937668  11.96487850
O  11.22265616  12.43026045  9.99324706
O  12.52277379  9.53463479  9.71143895
O  13.16346171  11.17697389  11.48620320
O  15.12759418  9.07884997  11.34577686
O  9.27371198  14.00360393  11.68568037
O  11.05641603  12.11107966  13.11173242
O  16.30594758  10.86609204  13.66898682
O  13.88937600  11.96719885  14.10806963
O  12.56965689  9.26831413  13.00327836
O  19.72563406  13.24049048  11.23252230

