Ti  11.66074162  14.13414825  10.44242725
Ti  13.00703839  14.30162946  12.93870781
Ti  13.18612974  11.67580150  10.07690343
Ti  10.07726983  11.38176385  10.88537112
Ti  12.26019288  11.48216045  13.28274797
Ti  15.97024655  10.48716498  10.55529766
Ti  17.93187077  12.59903316  10.69445424
Ti  16.10934314  13.06433416  12.83699684
Ti  14.75712737  10.20408585  13.28731847
O  12.08229086  15.39265751  11.78434394
O  12.36150741  13.14087414  14.18278801
O  10.11176047  13.31191929  10.51427918
O  12.57071930  12.94410554  11.68583463
O  14.81742377  14.40495964  12.99218496
O  12.79511593  13.33628505  9.25170819
O  14.59045486  10.69360714  9.36989152
O  13.73344397  10.96790974  11.98062013
O  10.66051297  11.04449821  12.71368620
O  11.67943904  10.80452586  9.93366357
O  13.18900626  10.15988808  14.25011585
O  8.70306524  10.61672774  10.43945758
O  15.75995596  11.60874113  13.89732911
O  18.15009946  13.70422002  9.51315458
O  15.79682527  9.34279896  12.00465585
O  15.94587906  12.35125408  11.11619285
O  17.66380075  10.78190571  10.07569701
O  17.82386278  13.36419050  12.50093766

