Ti  12.71501950  15.94770451  12.22252925
Ti  14.52799713  13.38552983  13.00163827
Ti  15.78846907  13.15590661  10.29296555
Ti  13.10897352  14.24493882  9.94151137
Ti  10.09764785  14.93084257  12.32051139
Ti  10.19771962  12.98367619  9.87540626
Ti  11.43185424  9.90933715  11.77350780
Ti  11.28855710  12.36291820  13.08590614
Ti  14.70479393  10.91082323  11.56855432
O  10.45041212  8.69339557  11.28562540
O  9.32343621  14.45502351  10.80364360
O  9.97063563  13.59774789  13.54548412
O  14.74583290  14.05767075  9.09060409
O  15.97411199  11.31660538  10.28443735
O  14.06319873  15.22412860  13.20225850
O  13.19132791  16.03202457  10.47947967
O  11.02030849  11.78930244  11.24413685
O  12.96808897  12.81352710  13.72137256
O  13.34563243  9.77857731  11.44252130
O  11.76084455  13.71799698  8.97028727
O  11.03357767  16.50479968  12.72719146
O  9.21675499  12.16404670  8.86161029
O  13.99253028  12.76386126  11.17303007
O  11.85687022  14.30113485  11.77376134
O  15.24938335  11.60843448  13.12903119
O  11.09811416  10.65760288  13.52467069
O  16.14676217  13.91767500  11.82251040
