Ti  13.84617651  12.28936332  9.97710653
Ti  17.93711820  11.55541232  11.63566116
Ti  16.67889312  13.92613127  10.81848713
Ti  15.10844898  9.88888859  10.83656692
Ti  10.51494692  11.80292747  11.79627534
Ti  14.79041538  12.90441611  13.17003863
Ti  14.39739105  15.56317404  12.29155054
Ti  12.95272952  10.59900498  12.63370243
Ti  12.11024545  14.47565138  10.92127835
O  12.62711419  13.62370158  9.39510845
O  16.88140510  10.02802373  11.10917405
O  18.22012194  13.11540485  10.48267010
O  14.35201469  10.64265180  9.31636196
O  19.19508677  11.20771187  12.61756472
O  13.87530631  9.10312105  11.97628713
O  16.59013557  12.88275510  12.44589921
O  12.29856307  11.52188397  11.07014760
O  14.73283983  14.64706568  13.85309393
O  15.93220676  15.62033712  11.37604743
O  12.81731299  16.11639176  11.52260469
O  13.74593236  13.79773919  11.76580326
O  9.31700513  11.18105409  10.86370972
O  10.71805747  13.76800839  11.72273083
O  11.23649386  10.59700628  13.13644537
O  13.78512363  11.71051215  14.00693397
O  14.65377323  11.49744975  11.65732454
O  15.47214398  13.21638963  9.72052151

