Ti  9.10251772  11.13194859  11.65994949
Ti  11.36718617  10.09621268  13.33477041
Ti  10.78275482  13.08153515  13.00829387
Ti  10.77440476  12.94275924  10.12179642
Ti  11.35944472  9.94200183  10.07907899
Ti  14.11652342  10.14050729  10.32235427
Ti  14.12436226  13.09093937  10.15367162
Ti  14.13030224  13.22601828  12.95585102
Ti  14.12307201  10.27482370  13.06566924
O  12.52543481  9.78395535  11.71555660
O  11.44009707  11.64955082  14.15300921
O  10.71062294  14.14682390  11.51129936
O  11.42641563  11.40987010  9.11467958
O  13.66693463  11.90304907  11.61637120
O  10.96711349  11.64201820  11.62974948
O  9.04070778  12.51610306  12.99163501
O  9.03296632  12.38266469  10.20150769
O  9.60882852  9.69319415  10.40757972
O  9.61415990  9.81919232  13.03993641
O  14.77247805  11.54448688  9.33057010
O  14.89001188  14.10886039  11.50771631
O  14.78396852  11.76522052  13.91885443
O  15.16597780  9.53999997  11.72446770
O  12.97799360  9.36633369  14.12346067
O  12.59092072  13.89145405  13.46117770
O  12.58400697  13.70537974  9.59220270
O  12.96754993  9.13887615  9.35746626

