Ti  15.58870453  12.53251816  9.90868351
Ti  12.61031894  13.20909223  10.08669449
Ti  14.55463247  10.20428570  11.56499382
Ti  11.77132859  10.43772756  11.98845014
Ti  9.99039174  12.08129059  10.39825423
Ti  16.83841807  14.36726422  11.75405088
Ti  15.02881818  12.78342361  13.29702884
Ti  10.26480161  14.86029240  11.68603758
Ti  11.65961357  12.85719836  13.60022876
O  9.06339303  13.49701234  10.88546289
O  14.13945117  13.19048307  9.01587288
O  11.48021392  10.98846704  13.71295901
O  10.22654053  10.30929635  11.01134655
O  15.19531553  10.96082060  13.10213611
O  11.36296558  12.49018296  11.71016759
O  11.20947543  12.49071756  9.12086856
O  15.71174841  10.70100516  10.19979526
O  13.30782982  11.43803990  11.07507573
O  13.09960979  9.11128395  11.90140145
O  17.11390313  13.44823648  10.06425496
O  16.55215486  13.65418464  13.56150957
O  13.37860889  13.31888882  13.96021063
O  16.67446446  15.98531921  11.63446603
O  15.03954387  13.42545235  11.53704283
O  12.00029195  14.75558724  10.68739760
O  9.62435457  16.35992084  11.62853774
O  10.53960485  14.21319769  13.53205335
