Ti  14.80620435  10.56008350  11.48722466
Ti  11.57840232  11.75323618  10.28887300
Ti  12.86978238  15.05691919  11.29288726
Ti  11.90362378  11.99722066  13.42858849
Ti  17.16620005  12.58498562  11.92470589
Ti  12.10470316  9.44801042  12.02474968
Ti  14.84579370  12.95113632  9.86572048
Ti  10.30778913  13.93982524  11.80706093
Ti  14.65989115  13.63824989  13.33436500
O  11.46511627  10.21734696  13.63451976
O  14.90882342  11.03624595  9.77951452
O  9.95342926  12.80766868  10.47942370
O  11.18998912  9.86367387  10.51831923
O  16.53987262  13.27289457  10.10648007
O  13.92106080  15.24085206  12.76794884
O  18.79700620  12.56974902  11.99483004
O  13.83421266  8.93148217  11.84880818
O  16.44338368  10.77575723  12.13278763
O  14.65621846  12.67126008  11.74151822
O  13.86891411  14.64185228  9.87927781
O  13.37855696  12.60874776  14.28302794
O  16.40179595  13.56393106  13.49436495
O  12.78479758  11.17777484  11.83328736
O  12.65430933  12.26268054  9.10298005
O  11.07421860  15.58291750  11.37264180
O  12.10062540  13.35049436  11.69981772
O  10.35307655  13.04822305  13.43492304

