Ti  16.76895485  12.67579685  11.39486960
Ti  14.84598293  15.08061956  13.36609848
Ti  16.95237878  13.30043116  14.19608440
Ti  14.86925523  15.03435706  10.05682841
Ti  12.21671928  13.39629203  14.19851917
Ti  14.45156247  11.70224136  13.97142156
Ti  14.64142281  9.94659355  11.23565042
Ti  9.52432812  12.81559288  12.38026270
Ti  12.50689222  12.48741096  10.84136530
O  14.88640028  16.06105365  8.78381278
O  13.36886663  13.85421066  10.09330076
O  18.02459084  12.90147201  12.80588011
O  16.45000071  13.91337702  10.19937310
O  16.20232501  11.06829766  10.99079621
O  14.88097570  15.89449312  11.83433323
O  13.21191915  14.96192482  14.17439282
O  16.35910384  15.01982406  14.45109578
O  13.12259626  12.16709032  15.19303650
O  13.18504921  10.89697899  10.44344032
O  15.46281123  13.22463720  12.86790525
O  16.06718829  11.94066523  14.95986427
O  14.38368493  10.15781330  13.18661414
O  14.80649311  8.40516519  10.71015827
O  8.16601858  13.65884273  12.04950293
O  10.66461446  12.60015804  10.95538138
O  12.99035452  12.61295845  12.71985158
O  10.42916515  13.32388565  13.95418143

