Ti  14.65939341  15.98607764  11.41823316
Ti  12.53676385  13.87880213  12.86690164
Ti  14.53292046  13.14844819  9.84446767
Ti  9.73334223  12.45820499  11.67480919
Ti  12.66358086  11.21990141  10.64085145
Ti  14.81233078  12.40175760  14.76120722
Ti  16.74753035  13.78660386  13.22657354
Ti  17.63378719  11.65899087  11.06455939
Ti  15.19811485  10.50478135  12.72414613
O  14.80189411  17.59735465  11.16043351
O  13.41396028  11.78547818  9.10792124
O  10.85287586  11.24234188  10.80983079
O  13.11207098  15.48215445  12.50756564
O  14.46393521  14.91344883  9.80492800
O  13.25663607  12.86169746  11.38318009
O  8.53352652  11.76167846  12.53189405
O  10.74059563  13.66024478  12.65502368
O  13.19536364  13.17194016  14.46283622
O  16.12244833  15.21545909  12.40264634
O  15.34721015  12.42632670  12.92167657
O  14.92254661  10.57325684  14.56593208
O  16.22672902  13.49613442  15.03275458
O  18.08462842  12.96038424  12.41922517
O  18.86184499  11.22785175  10.07381219
O  16.75879852  10.17214947  12.01384752
O  13.72493865  10.13388527  11.66984274
O  16.13649770  12.49895689  10.15389923

