Ti  13.87066056  9.74917371  10.69321581
Ti  16.19795124  11.47701816  12.40658458
Ti  14.28751418  12.87039018  9.67446361
Ti  19.10188606  12.96325109  11.56254196
Ti  16.31091109  14.53944224  10.56663405
Ti  11.88539843  11.57527707  12.84046194
Ti  13.71370126  14.72152296  12.48030081
Ti  13.96385966  12.66047919  14.42161996
Ti  11.14347468  14.20265274  11.09857299
O  12.40108470  10.20056890  11.85405294
O  13.75668956  8.24277465  10.06610014
O  15.60125745  12.86310797  11.17055362
O  15.49840910  10.02577039  11.74205962
O  15.54769541  14.10974090  8.98364661
O  18.00646443  11.63060659  12.23900505
O  18.10362145  14.37011812  10.84801286
O  20.27661072  13.43127315  12.59311502
O  12.86023326  13.77852764  10.23471165
O  14.03198225  11.16136235  9.35157105
O  12.44340853  11.68293157  14.65325263
O  14.06962590  14.48612424  14.28713416
O  15.55659353  11.83575613  14.10984463
O  12.12480975  15.41654119  12.28579598
O  15.18602167  15.50769613  11.61519641
O  9.98767297  14.85879008  10.14307649
O  10.66164747  12.63354010  12.09682631
O  13.42555253  12.74631252  12.61197212

