Ti  16.99278688  13.06150466  10.85739086
Ti  14.45840422  14.65720385  13.04749012
Ti  16.81985611  13.07321046  13.71980216
Ti  14.98246673  15.64686658  9.97412359
Ti  12.07325044  13.07347175  13.64666449
Ti  14.45837603  11.48372998  13.06028164
Ti  14.98353768  10.46861759  9.99497680
Ti  9.63235072  13.05575628  11.40882419
Ti  12.74253985  13.05787273  10.10616283
O  15.10726097  17.00547105  9.07221659
O  13.52442026  14.51299780  9.48490038
O  18.07661974  13.06816756  12.41662821
O  16.58131537  14.55125068  10.01711148
O  16.58224541  11.56459929  10.02920401
O  14.54357318  15.93049708  11.88143474
O  12.95171392  14.58623744  14.15140528
O  15.95241217  14.59854421  14.18628489
O  12.95148846  11.56462542  14.16356771
O  13.52470209  11.59767863  9.49687641
O  15.53505042  13.06707014  12.23831582
O  15.95244035  11.55150865  14.19837742
O  14.54379865  10.20089966  11.90459461
O  15.10827555  9.10246183  9.10444003
O  8.03220567  13.06725305  11.06848588
O  10.89655466  13.05640950  10.07375299
O  13.13676337  13.06659982  12.08018094
O  10.32582113  13.07125079  13.16212451

