Ti  13.46543709  12.48393770  13.25513888
Ti  15.88088715  14.38400898  13.20810137
Ti  18.10176902  13.03136399  11.98884565
Ti  15.81658755  11.51040676  11.15937979
Ti  12.82419400  9.81874533  12.63195066
Ti  10.68764449  14.55571626  12.29830918
Ti  11.47632312  11.93859473  10.45052114
Ti  13.35186247  14.96600306  11.37505080
Ti  13.83545886  12.95921915  9.26415402
O  14.89477453  13.21017002  14.18152839
O  17.66396974  14.27012044  13.40510333
O  17.52460294  11.21195089  11.51237304
O  12.43155190  14.02809444  13.06291600
O  14.48844338  10.88139636  12.31182246
O  15.22829216  11.77357467  9.43062162
O  18.95803040  13.73527127  10.79478019
O  16.06905598  13.29504630  11.65885323
O  11.70681116  10.32051847  11.15789663
O  12.95142985  8.24380164  13.05912569
O  14.74450100  15.60764202  12.41870450
O  12.49754872  11.20863300  13.96863537
O  10.28312185  13.00142581  11.21296207
O  12.21842559  12.28998254  8.76915362
O  9.55045147  15.16906313  13.30328288
O  11.79990785  15.78158696  11.26320134
O  13.99747381  14.71605527  9.60111496
O  13.16572474  12.82881832  11.07747613

