Ti  16.59002640  13.51185982  12.06133410
Ti  14.82664338  11.43842076  13.55308736
Ti  18.80619345  12.01185465  11.02564040
Ti  12.17867170  11.28982103  13.12450686
Ti  13.99925570  9.96738845  10.43809878
Ti  10.82211783  9.66043020  10.74301194
Ti  10.55643582  13.09832532  11.07037213
Ti  13.76291631  13.29581238  10.74009012
Ti  16.85819169  10.02204234  11.68418697
O  13.32834296  11.22823327  14.59501892
O  15.92682038  12.93338312  13.66244704
O  16.15579558  10.13980150  13.35906436
O  18.36768112  13.68315224  11.90037872
O  19.28974727  12.20644676  9.47746812
O  18.63401963  10.14236960  11.53528991
O  10.93954540  12.53334283  12.88454630
O  13.56930639  12.58657258  12.43977982
O  11.12767498  9.77984695  12.46797774
O  13.98512671  11.67916867  9.84777447
O  12.36919893  9.12754898  9.99187139
O  13.74347825  10.24964624  12.20946592
O  10.46883611  11.29033465  10.25082380
O  9.16443104  13.94778350  10.90141652
O  12.15015684  13.97834392  10.44027855
O  15.30077788  14.30236838  11.00732103
O  16.73651115  11.83565949  11.17398092
O  15.67809315  9.23615636  10.46729383

