Ti  14.24073001  12.59146652  13.38859772
Ti  15.94304616  14.06707461  11.76890688
Ti  13.65006704  15.30049719  10.54001121
Ti  11.65961998  14.17779657  12.46452640
Ti  14.60376313  10.04904485  12.22036841
Ti  16.34421426  11.56195271  10.45436187
Ti  13.16954494  12.49284382  9.90186629
Ti  12.02825804  10.09553805  10.99684590
Ti  9.77287753  12.31934602  11.60814791
O  17.21574049  13.22012677  10.70988620
O  13.20269180  14.21216546  9.13155045
O  8.54813350  12.52831493  10.54313408
O  12.27873668  15.77036411  11.62362449
O  12.65214832  13.34890994  13.79711977
O  15.55137158  13.93678843  13.57468409
O  15.43283672  15.64649079  10.95002580
O  12.24567029  10.97530167  9.37669582
O  10.47475409  10.49148178  11.73264943
O  16.07378314  9.81462492  11.08995798
O  14.92670359  11.94950461  9.44202353
O  13.97397293  13.70281940  11.47875542
O  11.47833137  13.07177939  10.97836126
O  9.97827538  13.80657740  12.85451789
O  14.45543365  10.81029590  13.92038132
O  13.25833882  11.34990262  11.67336080
O  13.27880083  8.88225584  11.71988240
O  15.60304956  12.00464014  12.05058526

