Ti  13.63415669  9.70604949  11.62500450
Ti  16.89718446  9.76682346  11.62500450
Ti  16.48583948  12.76475209  13.00433453
Ti  16.48583948  12.76477519  10.24567447
Ti  13.63429304  12.53916539  9.98948262
Ti  10.37091078  9.76700825  11.62502775
Ti  10.78280113  12.76495999  10.24569772
Ti  10.78282840  12.76498309  13.00431128
Ti  13.63432031  12.53916539  13.26052638
O  15.02021338  12.65186634  11.62500450
O  15.20964749  8.86403774  11.62500450
O  13.63421123  10.77374034  13.19275261
O  16.95761140  11.09495770  13.08543057
O  18.17888468  8.75032042  11.62500450
O  17.37896391  13.62949345  11.62500450
O  15.11085380  13.18538838  14.15223398
O  16.95761140  11.09498080  10.16455518
O  12.15784135  13.18552698  14.15218748
O  15.11082653  13.18541148  9.09779827
O  12.24842723  12.65195874  11.62500450
O  12.15781408  13.18548078  9.09779827
O  9.08915602  8.75036662  11.62502775
O  12.05852956  8.86408394  11.62500450
O  13.63423850  10.77374034  10.05725639
O  10.31081106  11.09514250  10.16464818
O  9.88975851  13.62977064  11.62500450
O  10.31083833  11.09516560  13.08538407

