Ti  15.59983341  11.58991094  13.35514591
Ti  13.77973731  11.79140724  10.26741561
Ti  10.95954054  10.11703373  11.02168096
Ti  16.70824689  11.91379538  10.57497623
Ti  12.99623570  10.52992100  13.64947380
Ti  14.75500412  14.35645063  12.57972235
Ti  11.80970844  13.50380497  13.62973086
Ti  10.08767289  13.47320793  11.41198739
Ti  12.50917334  14.59614387  10.35655370
O  15.70697757  13.39654261  13.85171514
O  16.92694421  11.06561590  12.30414671
O  14.70682378  10.35235949  14.40647533
O  13.28603488  13.38941153  9.33765742
O  15.27356697  11.08409750  9.61896488
O  11.92221778  9.55288851  12.64543781
O  10.11556118  8.88772373  10.35752080
O  18.04483971  12.43466059  9.77098790
O  12.44274609  10.67908156  9.96398284
O  15.37239776  13.26707273  11.24220280
O  13.28414910  14.50726441  13.77925358
O  13.93609766  11.50712622  12.33400880
O  10.08411381  13.98869398  13.19474923
O  11.98941528  11.88734375  14.40263053
O  10.65104292  14.72899423  10.17160218
O  12.01865814  13.27664664  11.72870006
O  13.75681579  15.48020085  11.34025706
O  9.84013110  11.75557909  11.13763832

