Ti  13.81243664  13.58185071  9.92970494
Ti  15.68697555  15.65738901  10.66118635
Ti  18.67690259  14.76269950  11.94621495
Ti  11.38352756  12.55715255  12.52800196
Ti  15.98131762  13.00291252  12.94231050
Ti  13.99370949  10.66561787  11.36657510
Ti  12.89450239  17.21294881  11.96383567
Ti  13.47221058  14.36187456  13.42042702
Ti  11.16757298  14.62245284  10.54986077
O  14.57580240  16.97744662  11.02442981
O  15.01393503  14.19422371  11.75292387
O  17.75370668  13.44626025  12.87322796
O  17.47000109  15.82624598  11.02081232
O  19.88321004  14.17907707  11.01350730
O  12.61851957  13.80596487  11.61769947
O  14.94969180  13.67402081  14.29005017
O  10.11382554  13.39560315  11.46329065
O  15.40841847  11.40303478  12.46629445
O  12.01147617  13.37249050  14.02452583
O  14.11105028  11.86753170  9.83576669
O  14.19390736  9.08276607  11.01229369
O  12.22423415  11.07373563  12.09861664
O  12.55868934  18.77327699  12.31505970
O  13.22324330  16.08620718  13.51980319
O  11.42533800  16.28614281  11.06520252
O  12.19303191  14.09501322  9.15035586
O  15.09781050  14.70205684  9.22037195

