Ti  12.61885272  9.80657256  11.96083025
Ti  15.42440963  11.16442572  10.98471997
Ti  10.43164180  14.58015867  12.09494604
Ti  11.43538061  12.78498749  10.14435735
Ti  12.46031438  12.58286988  13.14383739
Ti  15.01484087  14.14948326  12.93157869
Ti  17.49954705  13.33218205  11.94936059
Ti  12.92321240  15.90281904  11.39555304
Ti  14.45830213  13.59283276  9.97611232
O  11.79323365  8.39200976  11.97269622
O  14.42480042  9.72495966  11.29915659
O  15.33563691  12.14185285  9.37882729
O  12.80052775  13.09239695  9.06895989
O  12.54104669  10.87142161  13.56376227
O  9.86331592  13.73792815  10.58510013
O  11.65638255  11.29933578  11.05964578
O  10.76901093  13.45985036  13.46815843
O  12.21664067  14.01287999  11.51675381
O  14.14489015  15.82097169  12.67327815
O  19.00184611  13.84163097  11.53584660
O  17.00615563  11.47454432  11.73264923
O  13.71995162  13.43109178  14.08775335
O  16.63069025  13.95499814  13.58469673
O  13.76220481  15.47237808  9.90391405
O  15.92296988  14.22260404  11.10163127
O  14.22444647  12.55452809  11.71749622
O  11.12224210  16.26576590  11.88471551

