  ID   Compositions    Enthalpies    Volumes    fitness  SYMM
                       (eV/atom)    (A^3/atom)    ()         
   2  [     9 18  ]     -8.6589     35.5213   -233.7902     0
   1  [     9 18  ]     -8.6580     38.3566   -233.7661     0
   4  [     9 18  ]     -8.6545     35.4236   -233.6710     0
  21  [     9 18  ]     -8.6496     39.0350   -233.5384     0
  24  [     9 18  ]     -8.6402     36.8245   -233.2861     0
   8  [     9 18  ]     -8.6393     51.6388   -233.2617     0
  23  [     9 18  ]     -8.6391     35.4588   -233.2568     0
   5  [     9 18  ]     -8.6381     30.3562   -233.2279     0
  16  [     9 18  ]     -8.6336     32.6162   -233.1074     0
  25  [     9 18  ]     -8.6330     50.4530   -233.0899     0
   3  [     9 18  ]     -8.6314     34.3783   -233.0482     0
  26  [     9 18  ]     -8.6305     48.7532   -233.0234     0
  28  [     9 18  ]     -8.6293     45.3476   -232.9910     0
  29  [     9 18  ]     -8.6289     43.1824   -232.9815     0
  20  [     9 18  ]     -8.6284     33.2975   -232.9669     0
  15  [     9 18  ]     -8.6269     31.1309   -232.9257     0
  18  [     9 18  ]     -8.6266     32.2906   -232.9194     0
  27  [     9 18  ]     -8.6266     46.3719   -232.9190     0
  11  [     9 18  ]     -8.6225     41.6411   -232.8064     0
  14  [     9 18  ]     -8.6224     38.0930   -232.8040     0
  13  [     9 18  ]     -8.6213     42.5345   -232.7763     0
  17  [     9 18  ]     -8.6176     44.6233   -232.6742     0
   9  [     9 18  ]     -8.6165     41.5914   -232.6463     0
  19  [     9 18  ]     -8.6158     39.1768   -232.6264     0
   7  [     9 18  ]     -8.6126     34.2025   -232.5398     0
  10  [     9 18  ]     -8.6100     36.9819   -232.4695     0
  22  [     9 18  ]     -8.5616     23.3739   -231.1625     0
