Ti  13.99353690  10.28783098  11.10746079
Ti   9.93484074  10.28789588  11.10741632
Ti  11.96434436  11.79974318   9.72592099
Ti  11.96429650  11.74649968  12.54492122
O   10.27859891  11.14816469  12.82565836
O   13.65018552  11.21261508   9.42297124
O   11.96420079  10.36818302  11.10883935
O   13.64999409  11.14816469  12.82552495
O   10.27857498  11.21261508   9.42281560
O   14.71402684   8.82094101  11.07997852
O    9.21478152   8.82078957  11.07991182
O   11.96422471  12.95602079  11.15764483

