  ID   Compositions    Enthalpies    Volumes    fitness  SYMM
                       (eV/atom)    (A^3/atom)    ()         
   2  [     4  8  ]     -8.3538     35.1112   -100.2457     0
   1  [     4  8  ]     -8.3343     31.3238   -100.0119     0
   3  [     4  8  ]     -8.3174     35.8946    -99.8082     0
   5  [     4  8  ]     -8.3101     37.1733    -99.7214     0
   8  [     4  8  ]     -8.2672     33.9448    -99.2070     0
  10  [     4  8  ]     -8.2533     39.8423    -99.0402     0
   6  [     4  8  ]     -8.2446     45.9504    -98.9353     0
   7  [     4  8  ]     -8.2285     40.7151    -98.7420     0
  12  [     4  8  ]     -8.2041     41.8950    -98.4497     0
  11  [     4  8  ]     -8.2034     43.3784    -98.4411     0
