42
# EA1    28.224 26.482 24.167 90.00 90.00 90.00 Sym.group:    0
Ti  16.67650658  11.01360729  11.03386236
Ti  15.96473200  11.40077721  13.78168245
Ti  18.30984281  13.44282050  10.17279721
Ti  11.30008110  12.10819651  13.53578467
Ti  9.41860172  13.38434778  11.65862397
Ti  13.49538028  10.83003260  10.76391855
Ti  13.13566868  9.94041569  13.48003172
Ti  11.60221627  12.87776957  9.94014286
Ti  17.23011530  13.95000781  13.32531550
Ti  11.38839320  15.47178158  11.26581586
Ti  15.64075166  16.21932143  14.04775955
Ti  13.82497715  16.68268068  11.71846111
Ti  15.08113128  14.00593824  10.81565980
Ti  13.63251945  14.13948803  14.11574092
O  15.15646045  10.57315515  10.07206974
O  15.98502488  12.49057316  12.08746487
O  16.76642742  10.15791408  12.61343236
O  19.41945927  14.04878645  9.12968311
O  14.72624594  12.81439763  14.40279486
O  18.19773810  11.53332068  10.27582052
O  11.52175038  10.44431920  14.26528544
O  13.62904793  12.92840355  10.41622997
O  9.46889643  12.32709847  13.14413656
O  12.05842485  11.08659226  9.67172157
O  11.96407288  13.42875845  14.56464031
O  13.26998547  9.26342444  11.79202503
O  14.67332642  10.13389472  14.39117060
O  9.70538318  12.71445377  10.00268669
O  11.31837009  13.31695055  11.78127077
O  17.38303154  12.41139135  14.35692617
O  11.67365057  14.73186860  9.63658296
O  13.01786277  11.59113134  12.59245553
O  18.37283820  14.10339277  12.01066259
O  17.29658221  15.54463414  14.33814852
O  14.95118917  17.52378218  12.94094162
O  14.31079244  15.54836813  15.09510284
O  12.14795057  17.15875138  11.13761068
O  15.42958161  14.82161682  12.78559706
O  9.59141570  15.21818793  11.69439092
O  14.63240199  15.77693610  10.40453321
O  12.90553228  15.21622824  12.51475908
O  16.42421454  13.75094103  9.73022954
