42
# EA13   27.654 27.430 24.504 90.00 90.00 90.00 Sym.group:    0
Ti  14.23683383  10.87185784  12.61822704
Ti  16.77413707  14.13947166  14.68253596
Ti  16.79897002  15.38014288  12.01402651
Ti  17.42742635  11.77766770  13.26655966
Ti  14.00152912  16.31933465  11.17152245
Ti  18.21276170  13.31907778  10.53411871
Ti  14.74386308  13.39599056  11.49196412
Ti  13.62947722  14.36071935  14.30438685
Ti  12.14890203  12.09053047  10.25192812
Ti  10.77440615  13.01743374  13.38153346
Ti  11.03788991  9.92194107  12.34794550
Ti  12.22403693  17.02616971  13.46014299
Ti  9.93298924  15.82642355  12.40832390
Ti  11.65514652  14.91008070  10.22021966
O  16.03268802  10.59213010  13.04665880
O  16.28051982  13.75304252  10.57455067
O  17.18393616  15.69646179  13.84730965
O  14.56237232  15.04711931  12.65098918
O  15.08521945  14.09410299  15.38661568
O  15.78369476  16.57294934  10.95306734
O  18.86126691  13.09366078  9.04908952
O  16.46781784  13.41200949  12.97432235
O  17.84112461  12.63780716  14.87653586
O  18.47829183  11.91072901  11.85781211
O  11.82944733  15.53010087  12.36691177
O  13.44621663  17.68530458  12.31547741
O  18.38966196  15.06898075  11.32776135
O  11.23655357  10.62032780  10.50843828
O  10.24215679  8.49691507  12.42976509
O  11.53189430  13.11700343  11.64712484
O  14.02495174  12.57776363  13.21559089
O  13.60309566  14.33595036  10.49679878
O  12.88833236  9.80481640  12.96861286
O  11.58496161  13.41936064  9.09508394
O  10.27899142  11.33050928  13.44350463
O  14.01936570  11.64084852  10.85882411
O  12.61779693  16.42584404  9.86743242
O  13.03705357  16.07202878  14.76313033
O  12.04063808  13.48914171  14.61916805
O  9.45496865  14.34212203  13.31240706
O  9.92596522  15.54809473  10.62206435
O  10.39889755  17.35099181  13.36014127
