42
# EA14   26.730 26.462 26.097 90.00 90.00 90.00 Sym.group:    0
Ti  11.76319399  10.76709922  13.78513662
Ti  15.31568291  15.20214077  11.71155035
Ti  15.80238894  12.46559931  14.22965176
Ti  16.62560322  15.32243587  14.28393412
Ti  10.75767879  13.77865760  13.71668343
Ti  12.91692893  9.35007272  11.82115896
Ti  12.55962447  12.72656504  10.88799817
Ti  10.81472134  12.08537048  16.21709088
Ti  13.87857964  15.84100670  14.82772336
Ti  13.34611127  13.14143230  16.47795939
Ti  15.59953239  12.46541407  10.49312007
Ti  10.09273486  14.93519467  10.73647730
Ti  12.69776687  16.08548677  12.17125411
Ti  15.56039917  10.32190680  12.32582836
O  14.95126818  14.58484116  13.70499184
O  11.43978361  12.27422796  12.68299587
O  9.84890069  13.32147802  15.32793011
O  16.21751112  14.17963244  10.47871437
O  12.28555830  12.53352661  15.07812685
O  14.03933591  12.51899911  9.67784073
O  17.21602297  13.56368238  14.51330321
O  8.82494156  15.34625144  9.78570083
O  13.53827568  10.41052719  13.32504140
O  13.33231841  17.12233737  13.74554703
O  16.41034379  10.76535274  13.91152580
O  14.35031668  16.60199359  11.27872679
O  15.07147452  12.26695098  12.31927794
O  9.61503695  14.36129233  12.51581663
O  12.63289234  10.70827475  10.78420924
O  13.24833168  14.91593052  16.35767698
O  14.69567267  8.78363258  11.78517080
O  12.10801538  15.01143096  13.76313661
O  16.83089223  15.94015886  12.64270165
O  10.78577238  10.49062689  15.37905471
O  11.19442582  13.43349059  10.08378408
O  14.92795933  12.43826432  15.83426973
O  13.39059055  14.32363726  11.61164992
O  12.02683534  12.46356175  17.57806456
O  15.60212523  16.32523019  15.40316860
O  11.33010902  9.30635791  12.80596630
O  11.27683546  16.40887577  11.20411464
O  16.41467411  10.80771800  10.77901588
