42
# EA15   27.523 26.906 23.800 90.00 90.00 90.00 Sym.group:    0
Ti  15.88497094  14.30771983  10.06821885
Ti  13.59984813  13.57034996  13.01220916
Ti  10.62498026  10.55010667  12.03866154
Ti  10.88809677  12.78670109  13.68388229
Ti  13.27199836  15.47828271  9.88567570
Ti  18.14303899  12.76388446  11.13548941
Ti  17.19064532  13.75732253  13.57530838
Ti  13.84691893  12.10739523  10.18533683
Ti  15.39206786  16.00699345  13.18313809
Ti  10.79311611  13.40275000  10.30866650
Ti  13.47120728  10.05925324  12.13343166
Ti  16.20032543  11.14740182  12.64479049
Ti  10.13661841  15.26152476  12.45629743
Ti  12.85769995  17.16606731  12.55032976
O  16.48801966  13.19441375  11.85430961
O  11.46458613  13.90931678  12.10056437
O  14.41950008  11.90543580  12.21489779
O  13.88836804  14.00426946  10.97560351
O  16.84143797  11.96201996  14.13388567
O  11.67667565  14.91922156  9.37000914
O  15.83537513  15.73287106  11.50314608
O  9.94965707  11.18800358  13.62800076
O  10.99705893  16.84763008  12.80058286
O  12.50419908  13.10161358  14.45382409
O  13.38596964  15.49698266  13.01225676
O  11.79667439  9.13162822  12.08678439
O  14.84244060  15.34361619  8.93668929
O  12.09810242  11.56423576  12.37614027
O  9.44579997  14.70356677  10.89682674
O  18.81627046  13.49584614  12.65459593
O  13.06277120  17.09032580  10.77306866
O  17.63722779  10.99984713  11.45633221
O  15.32416949  12.62157652  9.33552347
O  13.80786430  10.22268270  10.40243704
O  9.97701458  11.77076928  10.75643272
O  17.03844508  15.52402359  14.03130927
O  12.22173415  12.44372522  9.49586157
O  15.13462102  14.04336446  13.80516520
O  17.69483269  13.92852794  9.77191347
O  9.72779701  14.19995970  13.90650402
O  15.12253858  9.63986320  12.91148913
O  14.47493069  17.68334283  13.28659508
