42
# EA16   30.505 25.753 24.019 90.00 90.00 90.00 Sym.group:    0
Ti  12.28163905  11.10072075  13.56301731
Ti  15.55319400  15.77292197  14.14765187
Ti  18.20637335  10.54617660  13.64081646
Ti  18.99942304  10.74815913  10.99297917
Ti  14.67616285  16.42844451  11.57122454
Ti  10.18332298  12.01467688  11.10800854
Ti  15.11958980  10.58120098  13.23906636
Ti  13.74257464  13.55428181  13.80976961
Ti  17.28187576  13.30614951  13.59726912
Ti  13.29713434  11.84570998  10.30734263
Ti  19.67023747  13.98526200  10.85602000
Ti  12.06337269  14.70439500  11.10743208
Ti  16.92188117  14.54794417  10.51472697
Ti  16.11812407  11.09878926  10.07622703
O  12.45161531  14.36756859  12.85091128
O  12.97188543  16.39705133  11.00148207
O  11.67757050  11.26572165  10.05900505
O  20.07925429  12.11532047  10.70796382
O  14.23548140  14.91163118  14.99871069
O  17.68363229  11.51318437  12.13316068
O  13.60682548  9.78442201  13.84169152
O  18.39334114  14.58822221  9.54638095
O  13.19530721  13.65358624  10.13351353
O  14.56066929  11.08019543  9.14429457
O  8.71265615  11.54377920  10.57326248
O  15.56207108  12.45644767  13.75493309
O  15.16903910  14.82703184  12.55410236
O  15.37790979  10.18679037  11.49760478
O  17.78982169  10.39266164  9.65204271
O  16.12202877  12.91900131  10.31169016
O  13.45316962  11.88735294  12.31313877
O  10.46440002  13.94361904  10.92387508
O  20.91574371  14.99558669  11.18040331
O  16.62161621  9.78653378  14.03041270
O  18.03917308  14.19404338  12.04577775
O  17.09841610  14.85203822  14.54551082
O  10.68443569  11.18562912  12.80940559
O  15.94753770  16.13253998  10.32619794
O  19.39584112  9.72686356  12.51483048
O  18.39257850  12.19693244  14.50467767
O  15.18502395  17.27948552  13.14868099
O  12.71213169  12.39958455  14.77424849
