42
# EA19   30.559 25.973 24.317 90.00 90.00 90.00 Sym.group:    0
Ti  17.42989756  14.90777704  11.34081463
Ti  16.26056416  15.15301756  14.32407871
Ti  20.33570558  13.66840594  11.40600863
Ti  14.40912725  14.64575773  10.18604665
Ti  13.22530897  15.58207160  13.90176454
Ti  18.31371987  13.00787727  13.86071736
Ti  11.95635380  15.68277034  11.41726743
Ti  18.05922598  11.57318645  10.80450213
Ti  12.44141402  10.44069574  11.20245062
Ti  14.45053446  9.77336205  13.55354441
Ti  10.57100007  12.48776061  11.82603700
Ti  14.92480741  11.96964391  9.71765167
Ti  17.14759515  10.02984904  13.30497555
Ti  13.83602707  12.77003915  13.42493154
O  12.98270246  15.84970116  9.91945885
O  17.74679257  14.31620766  15.03844063
O  21.90954613  13.99008608  11.10423407
O  16.08439254  15.32462359  10.15015469
O  10.84025387  14.33106442  11.25176560
O  14.73625946  16.17610845  14.74811939
O  19.95915975  13.24511799  13.30091460
O  17.59567918  13.06717446  12.00257877
O  19.64266201  12.17566465  10.34651485
O  14.41798931  13.45238545  8.78387703
O  14.74047658  12.99626717  11.20619545
O  13.56805674  14.92598437  12.17238472
O  19.10922718  15.12584942  10.89870638
O  11.91051557  16.56191683  13.09468171
O  16.72475270  11.57066703  9.55917747
O  17.00907200  15.85757109  12.83303028
O  17.90178692  11.28532363  14.37414751
O  13.89543342  11.26953183  14.46380447
O  9.63782527  12.37163369  13.16048365
O  13.62122909  10.67928708  9.83182021
O  15.95644275  8.85195689  14.11310400
O  12.80316937  13.87738764  14.44296476
O  12.46946702  12.03551236  12.20810646
O  13.12687900  9.21270097  12.42783531
O  15.62139580  10.74977880  12.52186933
O  10.72532214  10.79362184  10.87764781
O  18.16285096  10.00971968  11.78593819
O  15.47462177  13.64557535  13.76926094
