42
# EA2    27.084 26.156 23.638 90.00 90.00 90.00 Sym.group:    0
Ti  16.82639079  13.90118527  10.16846520
Ti  11.20363682  10.86431111  10.90227246
Ti  11.82344302  15.08272664  13.49935398
Ti  10.05678546  12.59118933  13.01493198
Ti  13.56074204  12.89507554  11.38697812
Ti  16.37769823  13.56625130  13.28653735
Ti  15.64525170  10.78066263  13.46838766
Ti  14.60768232  16.07638588  10.61464025
Ti  9.76214393  13.28684758  10.28285149
Ti  11.83414101  15.66036677  10.18737594
Ti  12.87059996  11.75151340  14.05079088
Ti  16.49775944  11.16092581  10.11712257
Ti  14.82367334  16.06610638  13.46517284
Ti  13.79937488  9.87828957  10.93101677
O  14.89254671  12.33998232  12.77469479
O  11.20726601  12.99896915  11.47845878
O  12.73293447  11.07128749  12.35116535
O  15.38365205  12.73824117  10.39239189
O  14.30724491  10.80386344  14.77126607
O  14.77779387  14.76947641  12.14390374
O  17.62010022  12.52451642  9.31613495
O  10.29896624  14.28105611  13.97987564
O  10.07403766  11.65528364  9.58426547
O  15.03172888  17.21322580  12.02932835
O  12.09836776  9.25636649  10.58374484
O  13.18858749  16.11329270  14.28502391
O  13.21502100  14.45912955  10.32020018
O  11.17100119  11.76236835  14.49914066
O  10.35134575  14.83102265  9.43319237
O  16.89997669  12.08597655  14.16723370
O  13.09176393  11.62928408  10.15125644
O  16.12035069  15.07642293  14.33222982
O  16.01911252  15.52042950  9.62575088
O  10.03844993  10.83496352  12.29036735
O  11.46772816  15.95776616  11.92955061
O  16.93031023  10.80739457  11.74212164
O  13.13133294  16.88153524  9.75382380
O  14.78299390  9.45771922  12.41974038
O  17.47458051  13.96477172  11.86409585
O  8.74223299  13.19760160  11.80050852
O  12.83517473  13.55084512  13.32168767
O  15.17990278  9.94187602  9.68966915
