42
# EA21   27.742 26.673 23.764 90.00 90.00 90.00 Sym.group:    0
Ti  11.58641409  12.07661472  10.13512288
Ti  14.58385377  13.49133977  13.08580702
Ti  16.04967130  16.46810371  12.26897929
Ti  17.31599427  14.14781060  13.82583066
Ti  14.35830924  11.27221657  10.31282740
Ti  9.23348247  13.00130718  11.53563323
Ti  10.80560832  12.52637139  13.78624043
Ti  13.36269519  14.72372959  9.89007218
Ti  18.03474061  12.32973954  11.82402882
Ti  16.10174351  13.78892814  10.04940741
Ti  10.90276170  15.25121078  12.62051487
Ti  13.09775666  10.80621617  13.27073570
Ti  13.24437448  16.73125750  11.98353040
Ti  15.70500152  9.91139724  12.40393302
O  11.05187632  12.94086662  11.95596457
O  16.54298408  13.45442462  12.22408976
O  12.50290723  14.90793191  11.80820223
O  14.33664254  13.43676723  10.99674508
O  10.83648545  14.33668066  14.22520246
O  15.77946174  11.98472694  9.51116087
O  12.54673999  10.95457025  11.53444505
O  17.33580224  15.92248501  13.56751985
O  17.44180540  10.62769515  12.25101397
O  13.26789991  16.56551275  10.16660970
O  14.88460756  11.55009375  12.41075319
O  14.79796850  17.80521092  12.18428566
O  12.93762836  11.28723335  9.13236839
O  14.60563144  15.42831814  12.88490918
O  18.00267057  13.13965896  10.23267263
O  9.03534729  12.30906813  13.21862203
O  15.07808205  9.57489326  10.77769181
O  9.31443437  14.81860472  11.65091067
O  11.88938726  13.74867889  9.42848716
O  15.73751545  13.55143357  14.56250363
O  16.40793478  15.65063589  10.75528269
O  11.48349032  10.85545415  14.19794556
O  14.89501091  14.51538838  8.85138706
O  13.08943398  12.71516143  13.76967717
O  9.73212177  11.96802977  10.05839007
O  18.77512592  13.14109930  13.33111912
O  11.55861635  16.97819424  12.75957972
O  14.33733610  9.43363414  13.59632139
