42
# EA22   26.886 26.514 26.413 90.00 90.00 90.00 Sym.group:    0
Ti  14.16584076  13.84380628  10.72719413
Ti  11.71476017  13.33168843  15.43344582
Ti  13.91279338  16.02975276  13.62342826
Ti  13.73575163  15.40481785  16.37040137
Ti  15.11035920  11.31328389  12.31840472
Ti  11.37914708  14.22995613  9.45679831
Ti  11.57000804  11.87169518  12.31201273
Ti  17.01504350  13.20200847  10.94631807
Ti  15.43250260  13.21436399  15.60933134
Ti  16.83724894  14.78892422  13.20469975
Ti  9.62564058  13.80042938  13.55121456
Ti  12.93894275  8.97026849  13.03235360
Ti  13.54032011  11.06084413  15.33685274
Ti  11.33954457  15.63814103  12.23311649
O  13.90593755  14.34513294  14.75914316
O  13.63401647  12.20974865  11.41552220
O  16.77070705  11.47358752  11.39330870
O  9.88145718  13.43599449  15.32813638
O  15.70138561  13.65796968  12.24619103
O  9.73452731  12.23029699  12.69753984
O  13.94177607  16.84871710  15.29961012
O  12.69183709  7.38001198  12.73998586
O  13.43511671  15.07296867  11.88903169
O  15.02268522  11.71976998  16.46733782
O  12.24940745  16.86640194  13.17271336
O  12.29742516  11.97600125  16.45222947
O  11.47149916  14.08566696  13.38676596
O  14.57665291  9.64955710  12.25966176
O  11.14766196  12.99808932  10.63353292
O  16.98060303  13.86106689  14.73645422
O  11.14900624  15.75103763  10.33057348
O  14.93159676  11.83126134  14.06698517
O  12.05897666  14.79438610  16.57217183
O  15.80236797  13.77147610  9.74575875
O  11.67295305  10.15236854  12.08052742
O  15.69391141  16.23560744  13.18119200
O  12.36057946  11.90905341  14.02477688
O  18.07882651  14.40107747  11.90205340
O  15.17163151  14.47754384  16.97003390
O  13.13364835  14.14455455  9.18672331
O  13.24724006  9.37383804  14.91817705
O  9.53651478  15.44069129  12.66563269
