42
# EA23   28.670 25.178 23.823 90.00 90.00 90.00 Sym.group:    0
Ti  14.31535773  9.34535439  12.85033692
Ti  12.97436894  13.98945428  10.25525040
Ti  15.75078395  15.20583990  13.93710430
Ti  15.74800301  15.00144300  10.60411755
Ti  17.37975821  10.09767999  12.76559775
Ti  12.11041254  10.94601019  13.66749699
Ti  10.33075121  11.08778882  11.47850097
Ti  15.06604080  12.52521414  12.31267081
Ti  18.25478105  13.63288015  10.34115691
Ti  18.03130204  13.44724104  13.22576695
Ti  10.07857399  14.52683331  11.77428999
Ti  12.78268444  10.64523102  10.05346778
Ti  15.95969885  11.52239030  9.72134835
Ti  12.69744991  14.18342739  13.89996391
O  16.88993922  13.54118102  11.65862829
O  12.13681718  11.48608329  11.79372974
O  16.12535142  10.98005116  11.48505235
O  11.43923007  14.80399530  10.45877212
O  18.00472538  11.72414348  13.66628200
O  9.58815294  12.67570444  11.39921731
O  15.65153003  15.85531242  12.24260674
O  13.66025887  9.36325611  11.15569642
O  12.29897206  12.53546169  14.60498811
O  15.01890809  13.03980687  10.31892985
O  13.53525971  13.75527154  12.18376340
O  14.62475934  10.65114791  9.01601445
O  8.80788291  15.54949760  11.63768769
O  16.00106899  8.90093340  13.32596739
O  10.36102624  10.54620503  13.23820267
O  19.30956188  13.64871726  11.85776654
O  11.17455294  14.85377267  13.37942668
O  17.71031793  12.22080931  9.34153485
O  14.23118397  15.33631350  9.72065748
O  14.22014620  11.19985714  13.21719060
O  11.04628544  10.14332812  9.96470248
O  17.57984288  14.95164046  14.26929520
O  12.62250775  12.41536151  9.42346288
O  15.71377159  13.34990199  13.79144917
O  17.36791769  15.12443867  9.72399273
O  12.85613578  9.28341593  13.98513190
O  18.55515176  9.36821622  11.88968964
O  14.04901775  15.28228101  14.65056191
