42
# EA24   25.415 25.683 24.326 90.00 90.00 90.00 Sym.group:    0
Ti  13.60318563  15.48386097  13.87740650
Ti  11.89197961  9.77040660  13.80367514
Ti  12.39075309  13.08084263  9.58366714
Ti  12.13156879  10.22586186  10.21915321
Ti  10.12831660  14.89475344  13.95631926
Ti  15.66901007  13.50945957  14.05839014
Ti  14.92251455  10.83143193  13.73964974
Ti  13.52988817  15.70123851  10.96466469
Ti  9.73199183  11.68622598  10.83963030
Ti  10.63517211  15.09040350  10.56927383
Ti  15.18479951  10.68244716  10.87577837
Ti  12.69565935  12.87047644  12.77481724
Ti  9.67470595  11.50750075  14.09597343
Ti  15.65027906  13.89215603  10.96116178
O  11.64621454  11.89474302  11.14053991
O  14.23915041  14.28861835  12.51555332
O  12.07623988  14.20327507  11.39710367
O  14.03532043  11.61744797  12.02570556
O  9.87607065  15.51216319  12.14229891
O  15.89162188  9.97381280  12.40243855
O  12.60014900  11.41717504  8.86141109
O  12.06322729  14.42437659  13.98426956
O  15.43717253  15.69435557  10.63879685
O  10.26743945  9.83728409  14.72053724
O  13.98980179  13.94470263  9.89041493
O  11.52541605  11.68501889  13.67258363
O  13.93993715  9.58169084  10.14612729
O  9.95854300  16.13540290  15.01444104
O  16.21830898  11.83420913  14.62953459
O  9.46464925  13.38348641  10.46411359
O  16.64487785  13.67737243  12.53676539
O  8.96760400  11.26716296  12.45831482
O  11.86824181  9.40615025  12.09476638
O  13.45816645  16.71025658  12.61095894
O  13.96387828  12.56274750  14.19339809
O  11.27266180  14.19020262  8.84469929
O  13.62417860  9.75551069  14.47166042
O  12.04180227  16.37342925  10.18319974
O  10.29854767  10.23770154  9.81702412
O  15.09310143  15.10267979  14.87670860
O  9.41130272  13.20270658  14.60491692
O  16.00596491  12.19391965  10.18307812
