42
# EA26   28.423 26.531 23.775 90.00 90.00 90.00 Sym.group:    0
Ti  14.03942477  10.27582212  13.14358687
Ti  14.88497361  13.22315300  12.50795850
Ti  15.01804899  16.88410880  12.79984590
Ti  13.88216161  15.51912670  10.15557483
Ti  12.17082693  12.51891997  13.91868021
Ti  16.79646140  9.88820742  12.18552005
Ti  15.76502768  11.24905072  9.87726304
Ti  17.61557706  12.70999465  13.24995685
Ti  11.13518664  15.40085248  10.90087791
Ti  12.34051084  15.38188297  13.49141717
Ti  16.45092585  14.21755316  9.80113504
Ti  12.72583826  10.83034195  10.71362491
Ti  17.43182389  15.45834468  12.38033355
Ti  9.84737958  12.22944263  11.35377056
O  15.46650338  11.20986476  11.82323447
O  15.53710553  15.11697314  12.57833292
O  17.00266856  13.31449847  11.67937110
O  13.23597005  11.97145733  12.18918143
O  16.71446172  12.55794675  9.00954175
O  11.47594717  14.19654079  14.55656722
O  13.05017044  9.43323108  11.88105561
O  14.28906192  17.03204443  11.14890018
O  8.29546819  11.69163719  11.42141083
O  18.35277832  14.37541130  13.59146296
O  11.07458931  11.12016419  10.27656651
O  16.86402231  17.12949198  12.96536842
O  13.08535782  10.94614880  14.53331513
O  15.33052887  15.38840955  8.97297559
O  10.99335705  16.24946601  12.52158166
O  16.80183330  9.79137007  10.32292804
O  10.04440619  14.03311118  10.69446215
O  18.09560914  10.89253010  12.91001990
O  15.97041058  12.60588787  13.95567433
O  12.68453999  14.68677654  11.63455496
O  13.64753169  16.66361149  13.97010584
O  14.05599524  10.89080560  9.39001532
O  13.68641403  13.82131596  13.75746099
O  14.78256639  13.62599636  10.56488764
O  15.58292303  9.21127457  13.36947448
O  12.27343311  15.88803720  9.44312898
O  17.67762396  15.45473650  10.57332781
O  10.70264901  12.06086606  13.06346465
