42
# EA27   29.102 28.060 24.393 90.00 90.00 90.00 Sym.group:    0
Ti  14.43325379  13.40114781  11.51397093
Ti  11.41512521  12.98333090  11.52609437
Ti  12.70292565  10.38082819  12.49945746
Ti  13.61076806  12.66989806  14.60717898
Ti  16.34442285  12.17219365  13.95000094
Ti  15.45447828  10.25228425  11.74780444
Ti  16.61297774  12.25946099  10.02886224
Ti  13.26256051  15.36909634  13.65481846
Ti  15.61046595  16.45441015  10.75887846
Ti  15.92418742  17.56545519  13.84511005
Ti  18.12748413  15.00058126  10.44227872
Ti  12.65621665  15.82504712  10.60381070
Ti  10.08084860  15.87861411  11.76312339
Ti  17.91384505  14.92624970  13.22764419
O  12.65400489  13.38551826  12.84898807
O  11.28384529  11.12863348  11.58580900
O  9.95326466  13.93314182  11.77422231
O  14.00533537  9.12131643  12.07435663
O  12.75353433  11.01510176  14.17580908
O  13.95632731  11.50854101  11.66345265
O  12.62018816  13.89220194  10.36939175
O  12.98693379  14.26467351  15.18585960
O  14.95752950  13.46498485  13.45769676
O  16.35257146  10.39011613  13.33314492
O  15.19488686  12.03598927  15.37412656
O  16.28717887  12.31979050  11.81247090
O  16.25871694  10.42670667  10.07396532
O  14.24216889  15.29961920  11.85379303
O  16.73520688  14.90559736  11.70984858
O  17.16059341  16.31918787  9.66933041
O  16.11838624  18.99635887  14.61471649
O  15.83074032  17.73788534  11.90799479
O  11.00557028  16.30759899  10.13304573
O  18.09753799  13.30885769  9.69938287
O  19.20557428  15.20460724  11.91704468
O  14.26478128  16.66056870  14.26699098
O  14.03560164  16.70479164  9.78546658
O  8.80620235  16.79163807  12.23971834
O  11.90037491  16.08625985  12.54960995
O  17.38403992  16.31840219  14.14134145
O  15.15795620  13.31331927  9.77890480
O  17.78707597  13.28500649  14.09235984
