42
# EA28   29.030 26.806 23.515 90.00 90.00 90.00 Sym.group:    0
Ti  10.99282481  11.81825899  12.74893578
Ti  18.62675834  14.84256004  11.14360812
Ti  12.24278929  11.11301497  10.04762462
Ti  18.58544895  12.41099745  13.13614080
Ti  11.86154112  14.51203973  10.04183982
Ti  16.52395683  16.78303326  11.87380916
Ti  16.33157645  13.27710541  10.35673491
Ti  16.79674972  10.49108458  12.53656796
Ti  15.78421985  13.93509013  13.41430479
Ti  14.91405204  10.24213550  10.03875930
Ti  13.80801724  11.72197116  13.17150800
Ti  10.01736597  14.82778983  12.86945234
Ti  13.17505180  14.68148165  13.05672920
Ti  14.22302704  15.93761967  9.77731478
O  15.32157217  10.75386565  13.60374507
O  15.69216640  11.74623076  9.50230187
O  17.32227592  13.14567467  14.17709821
O  16.75523713  17.78850660  13.14091443
O  18.01765539  13.81505201  9.75104805
O  13.36685159  9.95721252  9.06094082
O  12.14786189  12.76087182  9.34293782
O  18.37147041  10.52872047  13.44990714
O  12.24705667  10.97281860  13.80762382
O  8.78801263  15.79718205  13.32485210
O  10.39846899  14.88695109  10.95308613
O  14.93628886  15.54734836  13.24273623
O  12.38758986  12.97457076  12.25819233
O  16.94320499  14.74353798  11.94484927
O  15.08050883  17.24661949  10.61909652
O  9.76042334  12.95202676  13.32783856
O  15.31051182  14.52442419  9.44779311
O  13.68853064  10.94113368  11.29013275
O  11.73331656  15.41782086  13.66229848
O  17.52211696  11.99333021  11.64237033
O  15.13392364  12.98982348  11.98141576
O  18.34859494  16.59740040  11.04136305
O  16.15728162  9.44625975  11.17561262
O  13.25047118  15.14916923  11.20380762
O  14.08841593  13.32313164  14.24197727
O  12.56112991  15.79396530  8.91495705
O  19.59623704  13.69707797  12.33071391
O  10.81487222  10.84503350  11.17090953
