42
# EA3    28.117 25.655 24.881 90.00 90.00 90.00 Sym.group:    0
Ti  12.11486799  15.68729363  12.56044062
Ti  15.53736917  12.13102099  14.43200268
Ti  14.47511280  10.86338837  10.33270453
Ti  16.00214147  9.96757926  12.55538975
Ti  14.94623952  15.25910524  13.27995447
Ti  10.03663567  13.08237402  12.07105277
Ti  10.53689150  11.53681660  14.37995126
Ti  13.64172797  14.79641036  10.33608837
Ti  18.08026133  12.57324288  12.07050539
Ti  16.20804151  13.97405261  9.96680196
Ti  13.17082618  10.39463881  13.27550074
Ti  12.57938725  13.52036277  14.43366972
Ti  17.58011797  14.11466978  14.38211593
Ti  11.90905231  11.68677233  9.96431384
O  16.56608208  13.17609314  13.07050473
O  11.55087116  12.47795878  13.07015640
O  13.20377918  14.24294671  12.35964953
O  14.91328652  11.41246494  12.35790785
O  15.37825565  14.83643276  11.38348636
O  11.78202017  15.10022144  14.37144190
O  15.50950532  9.48087093  10.73376421
O  11.46576131  10.01252749  14.00058797
O  12.59263031  13.32822958  9.89131247
O  16.75083821  13.06967460  15.57957228
O  13.17625274  10.78288177  8.95908945
O  14.39396743  14.05863842  14.63018125
O  14.34813689  9.07869710  13.24927598
O  13.76859141  16.57484171  13.25626759
O  9.09280767  12.23305246  13.41921441
O  17.95671568  13.59512256  10.54924541
O  10.16040625  12.06316250  10.54802623
O  19.02417368  13.41984496  13.42015990
O  16.33487683  10.55121363  14.36731163
O  12.60733545  16.17815813  10.73988498
O  11.36580574  12.58006721  15.57944788
O  15.52333883  12.33313412  9.89151152
O  13.72292957  11.59241182  14.62831516
O  14.94072861  14.87886677  8.96272210
O  17.68918341  10.81815793  12.02813275
O  10.42768547  14.83748463  12.03156635
O  16.65130439  15.63970289  14.00563885
O  12.73892252  10.82244237  11.37982882
