42
# EA5    26.741 25.859 24.453 90.00 90.00 90.00 Sym.group:    0
Ti  14.82263895  15.01683510  13.99074798
Ti  11.81272675  10.55853197  13.31563713
Ti  13.29943229  13.01384396  11.78049844
Ti  11.78015652  10.75355849  9.83229208
Ti  11.97049719  15.51782207  13.93880885
Ti  16.77621125  13.03905622  13.24220342
Ti  14.77832952  10.11489965  13.53036287
Ti  14.72030209  15.88382649  10.61981544
Ti  10.31722351  13.01136152  10.73601823
Ti  11.89300249  15.93652658  10.61766354
Ti  15.00067887  10.40614650  10.08054351
Ti  13.62510789  12.12264879  15.11262336
Ti  16.27228180  12.98283935  10.42523934
Ti  10.09712039  12.75667892  13.66705766
O  15.23519525  13.56481586  12.38757979
O  11.45271602  12.61683493  12.37496181
O  13.65433553  11.60410374  13.17106833
O  13.09141599  14.24919293  13.27330821
O  15.11290980  9.57949471  11.69989987
O  11.53809924  16.36234224  12.32588374
O  14.52464002  13.65888991  15.32654214
O  12.24763833  12.48358491  10.19261367
O  9.10931705  13.18402024  12.18133940
O  17.65277307  13.02211875  11.61834762
O  10.00240465  10.88505012  13.69513022
O  15.88483506  14.65876930  9.77062048
O  13.47656302  16.16568662  14.75257076
O  13.43626471  10.12837205  9.13810754
O  10.61762911  14.72155429  10.04396115
O  16.30586818  11.31427913  13.59249909
O  10.60877792  14.41096512  14.49309520
O  16.47291765  11.38011545  9.45658928
O  15.02624302  16.20543148  12.30140584
O  11.73531228  10.08236937  11.44526610
O  13.27025813  14.67981831  10.81854863
O  14.54172736  10.59372570  15.37525341
O  13.29654429  16.93185484  9.92871204
O  12.98798276  9.26611280  13.73264181
O  16.65387232  14.62435134  14.20843259
O  10.03529578  11.55654954  9.66923648
O  14.57373604  12.07874068  10.71474373
O  11.84473543  11.90954702  14.94460370
