42
# EA6    26.706 26.479 25.833 90.00 90.00 90.00 Sym.group:    0
Ti  14.28735137  10.61225458  14.45307914
Ti  13.58840903  13.45534195  12.61403079
Ti  11.10744681  15.86407426  13.54483089
Ti  12.15436479  16.15224092  10.97784583
Ti  15.69450294  13.91591082  14.73542941
Ti  12.01912698  10.02562107  12.86065459
Ti  13.22993803  11.37539449  10.55530206
Ti  11.89134007  12.48410668  15.87524104
Ti  15.42664447  16.05959228  11.78209204
Ti  13.07288164  14.98734113  15.91450659
Ti  10.81037228  13.15748411  10.40567966
Ti  16.14326601  10.98867445  11.87560604
Ti  17.30509875  13.50970252  12.28913423
Ti  10.03088546  12.57593448  13.08400321
O  14.81241271  14.83871672  13.26607135
O  13.37663260  11.45009064  12.94944122
O  12.83471995  13.61694088  14.65633000
O  11.60892698  12.82284748  12.08596087
O  14.91963621  14.98188654  16.03790890
O  11.84802338  11.96499361  9.45196605
O  11.04359341  17.07594709  12.13574028
O  15.77197626  10.05863989  13.38634792
O  10.33850875  12.40297623  15.01754719
O  16.88045095  14.87827575  11.24593651
O  9.95092851  14.51194424  13.47590953
O  15.62445381  12.66985410  12.49481336
O  11.18895269  14.89821414  10.00021123
O  15.22800726  12.21312462  15.04901129
O  12.36926580  9.82946756  11.10651799
O  16.05973049  17.39620583  12.47507726
O  10.35883181  10.67831871  13.11117910
O  17.41897197  13.98253099  14.07571657
O  12.45878340  15.11004299  12.49130013
O  12.96488367  11.04870145  15.80613885
O  14.97611883  10.81606041  10.42688822
O  11.98996433  16.25765226  15.13276057
O  13.74252779  13.25076824  10.87952697
O  12.21082071  13.90322757  17.07242687
O  13.87845995  16.52852839  10.69283480
O  13.13860444  9.16146528  13.99478305
O  17.77795038  11.80082625  11.66217713
O  9.28646326  12.73885735  11.33647976
