  ID   Compositions    Enthalpies    Volumes    fitness  SYMM
                       (eV/atom)    (A^3/atom)    ()         
  12  [    14 28  ]     -8.7820     29.7061   -368.8436     0
   9  [    14 28  ]     -8.7766     33.0456   -368.6166     0
   8  [    14 28  ]     -8.7707     33.8129   -368.3684     0
  18  [    14 28  ]     -8.7689     36.7339   -368.2918     0
  10  [    14 28  ]     -8.7682     34.2919   -368.2662     0
  25  [    14 28  ]     -8.7676     41.2613   -368.2408     0
  20  [    14 28  ]     -8.7642     33.9236   -368.0962     0
   7  [    14 28  ]     -8.7604     36.7734   -367.9388     0
  16  [    14 28  ]     -8.7560     35.7053   -367.7527     0
   1  [    14 28  ]     -8.7554     33.0143   -367.7251     0
  27  [    14 28  ]     -8.7533     37.6996   -367.6392     0
  19  [    14 28  ]     -8.7517     37.9974   -367.5703     0
  26  [    14 28  ]     -8.7503     30.8258   -367.5129     0
  13  [    14 28  ]     -8.7431     35.4641   -367.2081     0
  28  [    14 28  ]     -8.7422     32.8262   -367.1736     0
  21  [    14 28  ]     -8.7372     31.7690   -366.9613     0
   3  [    14 28  ]     -8.7351     32.8414   -366.8746     0
  15  [    14 28  ]     -8.7331     30.6603   -366.7894     0
   2  [    14 28  ]     -8.7324     27.7687   -366.7618     0
  14  [    14 28  ]     -8.7315     35.3479   -366.7216     0
  22  [    14 28  ]     -8.7252     38.9562   -366.4601     0
   6  [    14 28  ]     -8.7204     34.4424   -366.2550     0
  23  [    14 28  ]     -8.7195     29.2660   -366.2177     0
   5  [    14 28  ]     -8.7152     28.6712   -366.0395     0
  24  [    14 28  ]     -8.6928     25.4893   -365.0995     0
