42
# E(PBE) = -368.266 eV
Ti  12.75760932  14.79940535  10.57892190
Ti  10.27615650  12.74574847  11.16659813
Ti  17.00514991  15.41777249  12.91960113
Ti  17.11269090  13.38612926  10.44020144
Ti  15.68774931  15.84488812  10.36803027
Ti  14.49541165  13.75773997  13.25686845
Ti  12.37428529  11.73362973  13.60739408
Ti  13.12159662  11.63689693  10.20274632
Ti  20.72180660  12.52942940  10.64579911
Ti  18.59060512  10.69659612  10.43884282
Ti  19.31416794  13.83653100  13.44815369
Ti  17.41832384  11.38217487  13.73227060
Ti  14.87929888  10.38046489  13.31877965
Ti  15.72560925  10.02944267  10.12500009
O  13.49365653  13.34800620  9.72804691
O  11.01326754  14.47319619  10.60014458
O  13.20948799  14.65864526  12.33527460
O  8.67843592  12.59633562  10.85715923
O  18.79536166  12.59226373  10.02176790
O  17.91760565  13.80917300  12.19210348
O  18.60787676  15.52043497  13.83046650
O  16.63468575  16.74111074  11.67800389
O  16.79307170  14.77520306  9.30684926
O  13.33414417  13.02609798  14.47614204
O  15.67610973  14.35931057  11.50979188
O  13.96621736  16.18260036  9.99117538
O  15.64823105  14.95082869  14.05222714
O  13.53530246  11.76645933  12.11161657
O  10.78128939  12.14226917  12.95998513
O  11.38664160  11.47984929  10.14889318
O  13.26177225  10.14414268  14.11395095
O  21.78667205  13.14252854  9.57075075
O  20.67055489  13.41129862  12.37127821
O  16.23709385  11.80038325  10.32439025
O  20.35813220  10.61724520  10.44615129
O  17.41557039  9.51694463  9.57672402
O  18.16635482  10.73171616  12.22138422
O  18.66879684  12.49591267  14.52727793
O  15.78778089  12.15423034  13.24747518
O  15.25035754  9.45762231  11.78657689
O  16.38434084  10.02677049  14.37869572
O  14.13405265  10.33793911  9.30305448
