42
# E(PBE) = -368.241 eV
Ti  13.25257645  10.49263550  13.59745443
Ti  14.42307445  13.48379335  12.69679340
Ti  15.52490451  16.85697452  13.39945449
Ti  14.12348354  16.33261662  10.92199297
Ti  11.88772038  12.98849599  14.66526932
Ti  15.88805607  10.10011585  12.64834953
Ti  14.98108919  11.55667756  9.78601172
Ti  17.67137408  12.33051897  14.22997440
Ti  11.55583000  15.77733637  11.81380513
Ti  12.82451727  15.67941557  14.94120940
Ti  16.11451717  14.15752836  9.72159487
Ti  11.94319914  11.36485642  11.20340737
Ti  17.44185422  14.73658051  12.68624473
Ti  9.45437203  13.21018716  12.16838526
O  14.79801209  11.55060642  13.04477437
O  15.24995211  15.32944789  12.35466169
O  16.23257440  13.47499694  13.49129287
O  12.62499578  12.38154356  12.64704969
O  15.97039025  12.64805326  8.64348129
O  11.88106967  14.45709206  15.91293644
O  12.16244828  9.88187849  12.25627414
O  14.85758792  17.73116519  11.94406365
O  7.82376793  13.10101451  12.25457436
O  18.71525592  13.76079938  13.43582488
O  10.27569339  11.86916605  11.02273023
O  17.30193661  16.44375902  13.45354764
O  12.48375926  11.27732402  15.07971687
O  15.07290836  15.63899525  9.48779945
O  11.76343337  16.24810631  13.61467725
O  15.81147462  10.27804082  10.76728755
O  10.07431981  14.89316204  11.45400066
O  17.40203410  10.59328156  13.41290278
O  17.59995605  12.32593189  15.86671729
O  13.08308140  14.75017987  11.60093206
O  14.42223259  16.67144038  14.86856859
O  13.17899764  11.37011807  9.77721283
O  13.53095242  14.11624458  14.19452888
O  15.06998991  13.08765800  10.87647373
O  14.59854673  9.18461443  13.59258005
O  12.41048913  16.96061568  10.67267452
O  17.51369318  14.48720493  10.80393291
O  10.30779643  13.05986565  13.92246331
