42
# E(PBE) = -368.617 eV
Ti  13.01206645  15.73665501  10.16679055
Ti  12.30753239  14.75334526  13.58229727
Ti  9.61004911  13.61798622  13.22662731
Ti  10.78874640  11.10059467  13.54452421
Ti  11.68482759  10.28208367  10.45408958
Ti  11.03203019  13.72496637  10.67827135
Ti  13.71843714  11.91047485  14.58940051
Ti  14.95082075  10.95450038  11.29543402
Ti  14.53023082  16.78835547  12.55143082
Ti  16.90000150  15.26804625  13.01492305
Ti  18.35371403  13.67084669  11.11444925
Ti  15.61511833  13.97964105  10.30822670
Ti  16.40871516  12.44569043  14.01694285
Ti  18.28654962  10.59790861  12.13393271
O  11.15757142  9.25921382  9.29219706
O  16.75278796  13.32705686  12.04063106
O  10.54727098  14.98816119  14.03608477
O  14.40420925  14.99652967  9.32364624
O  13.14178955  13.63401488  14.72045089
O  13.26111446  16.29660877  13.76583592
O  10.70680412  10.08546369  12.13840807
O  13.51527681  9.97932301  10.93908302
O  9.33783121  13.95516521  11.47478916
O  9.22257516  12.01923888  14.02042099
O  12.24440858  10.79835867  14.63327855
O  12.56655476  14.60743461  11.64139925
O  14.94166582  12.34749849  10.09258218
O  11.26949326  12.81697296  12.76877793
O  11.42238625  15.12950721  9.49735853
O  11.36655248  12.16281475  9.98573282
O  18.53896009  15.17748826  12.20797082
O  17.30033192  14.09268115  9.64307547
O  13.59388488  17.28112527  11.02343393
O  16.19818002  17.01296657  13.26313559
O  17.76706383  11.38050596  13.85962402
O  15.21829165  15.19070994  11.90335408
O  16.55177508  10.18882363  11.38051461
O  19.15386625  12.10735716  11.24131614
O  14.68914233  11.87794532  12.99585410
O  15.28819689  11.85197417  15.44346569
O  16.76982631  14.22272054  14.47722449
O  19.24846720  9.28447666  12.28843012
