42
# E(PBE) = -367.939 eV
Ti  12.11328216  14.93802242  12.35644502
Ti  10.31576306  13.01855724  10.83276897
Ti  13.23098433  12.56944005  10.14696870
Ti  16.36336654  12.57409745  9.91660747
Ti  16.32008953  15.03981614  11.25422155
Ti  14.64277477  16.68217906  13.07750182
Ti  11.73453645  12.65401942  14.74969722
Ti  10.12199353  11.06044338  12.79547506
Ti  13.07819290  10.41813427  12.67753844
Ti  18.37571895  10.61482567  11.91114095
Ti  17.30215590  13.31428909  13.24479248
Ti  15.80386889  15.11333097  15.07848713
Ti  15.89662998  10.22350139  14.17886165
Ti  14.41546987  12.17873332  15.59247538
O  12.62990511  12.45650461  16.28058714
O  10.11176338  11.73051674  14.48024393
O  11.35702640  9.70452325  12.70047550
O  14.45526978  9.45245771  13.27954098
O  16.79231474  14.36179175  9.60849394
O  15.56047161  16.77748844  11.54076968
O  12.82131825  16.57644842  12.66923233
O  10.49548049  14.73525839  11.45067251
O  11.47099495  12.63014061  9.48999850
O  14.67418366  12.47541724  9.07934133
O  18.63256487  12.26434194  12.91478332
O  14.96108784  13.86334732  16.10496496
O  15.10833314  14.87881429  13.32775198
O  11.38582027  12.30787960  12.20543637
O  13.23426027  11.78004983  13.99513657
O  17.49089655  11.22026157  10.27189057
O  9.07636226  11.77539244  11.41881972
O  13.55355038  11.02125434  11.06643232
O  19.81205028  9.86941055  11.61194315
O  17.74323085  14.91303716  12.23891482
O  15.36129964  16.90784410  14.78121980
O  11.93138077  14.32978179  14.08216023
O  15.99157504  13.12891954  11.64283070
O  15.18750191  10.59987569  15.96853645
O  13.28658925  14.07118046  11.19905069
O  17.40405516  14.35396938  14.82485864
O  15.86407165  12.04876364  14.02777679
O  17.35620906  9.72693536  13.34520244
