42
# E(PBE) = -368.096 eV
Ti  12.14557129  10.94895708  10.45559629
Ti  15.35173947  15.63765462  9.72674122
Ti  18.13759537  10.55961451  10.46423014
Ti  18.66263503  10.72150723  13.18042602
Ti  13.85970998  16.05583927  12.18155378
Ti  9.84870184  11.69933519  12.59174551
Ti  15.11026062  10.32011316  10.55236241
Ti  13.72292867  13.34231445  10.25431510
Ti  17.06495295  13.37113105  10.36964042
Ti  12.80819808  11.76010229  13.75803320
Ti  19.11189731  14.01630692  13.42442206
Ti  11.62629178  14.55875200  12.98447821
Ti  16.26891738  14.39772556  13.26681239
Ti  15.69740848  10.90385948  13.72218238
O  12.83040303  14.47487557  11.52220004
O  12.25385027  16.35195466  13.01016452
O  11.21072492  11.06218516  13.84724171
O  19.58112614  12.15657894  13.61867180
O  14.08002846  14.63444971  8.96162876
O  17.38107506  11.37962637  11.94537843
O  13.50004349  9.73690190  9.95437839
O  17.58369524  14.55979663  14.44577581
O  12.56131722  13.55088446  14.15564486
O  14.12772136  10.80130705  14.64677000
O  15.17944218  9.87693375  12.28590143
O  15.34932199  12.21630140  10.15709456
O  15.31867080  14.54695528  11.23092109
O  8.32748359  11.31305009  13.05087039
O  17.31977268  10.29104178  14.37373934
O  15.55018130  12.73663082  13.47225505
O  13.10748740  11.77938979  11.82706355
O  10.18046292  13.63521951  12.52174194
O  20.34122790  15.09515859  13.33210441
O  16.68514084  9.64301227  9.85225497
O  17.77100475  14.10512625  11.94545018
O  16.97875954  14.82171938  9.27974201
O  10.47542466  10.76846479  10.99290417
O  15.05826999  15.79531785  13.50234199
O  19.30965270  9.82080381  11.65704121
O  18.27389915  12.21617401  9.63327558
O  14.55346549  16.98324455  10.70714994
O  12.44626334  12.40981340  9.38401791
