42
# E(PBE) = -368.292 eV
Ti  15.72786630  12.34652625  9.95450376
Ti  16.24808223  10.60397879  13.02583789
Ti  19.68255042  10.89929063  12.92153843
Ti  13.27443206  10.16515068  13.00349154
Ti  12.83304576  11.68864294  10.16572874
Ti  10.19945080  12.58457512  11.23666864
Ti  10.59413538  11.32227786  13.70576630
Ti  17.79993803  13.09294415  14.11402064
Ti  18.71552401  12.92407736  10.64003115
Ti  15.44661293  15.02704316  14.73632422
Ti  14.86416780  16.50342291  12.47027605
Ti  12.37890367  14.68028693  11.67524662
Ti  16.98160009  15.01304782  11.19202550
Ti  12.87694596  13.12744548  14.61634268
O  15.63377741  11.54666462  11.55994741
O  16.49750572  11.87542684  14.34253803
O  14.27746080  11.66283103  9.01593251
O  20.85667969  9.82628926  13.30920539
O  17.91512763  10.11060476  12.67488632
O  15.83021070  14.20454804  10.09878881
O  14.86771439  9.35575377  13.33707639
O  13.11263015  10.21305779  11.19068769
O  11.57060943  9.77989446  13.71785612
O  13.74132994  11.77187161  13.79636562
O  13.30560627  13.35870174  10.83180837
O  9.17436764  11.74452175  12.55500388
O  11.20689043  12.40079022  15.06118854
O  11.00297652  11.81570316  9.77328036
O  19.34431321  12.27303792  14.28729152
O  17.18682534  14.61395006  15.04384659
O  20.02543693  11.96016783  11.31698665
O  18.55375191  14.76015775  10.27468575
O  17.50870056  12.03868013  9.57439293
O  17.72912548  13.45692541  12.22362394
O  11.59153132  12.10401733  12.34818870
O  14.97277088  16.75854302  14.29935656
O  15.41108744  14.76405388  12.85477191
O  10.58984371  14.38066883  11.23126786
O  13.28554867  16.28736672  11.54332391
O  16.36985835  16.75523643  11.47732539
O  12.50175271  14.47233059  13.46776039
O  14.18188175  14.01166361  15.59338829
