42
# E(PBE) = -368.844 eV
Ti  14.32776534  11.62419583  14.40844811
Ti  17.04291664  12.07513490  13.81152672
Ti  18.37893949  10.93194025  11.07762822
Ti  17.28289339  14.92275611  13.56428017
Ti  14.95889475  10.84326846  10.96580683
Ti  14.10123819  15.04080711  13.53869126
Ti  17.61690607  14.15052804  10.89683539
Ti  11.05666881  14.85893582  12.64944616
Ti  9.40707225  12.72865061  13.42846767
Ti  14.51096412  14.17301395  10.08668110
Ti  10.72583058  12.10939792  10.54149564
Ti  11.45444881  14.76390489  9.81275623
Ti  12.00721960  9.60857856  11.13490672
Ti  11.34757589  10.73040651  13.65329668
O  11.17067030  12.90449345  13.53556829
O  15.16345141  11.32709698  12.78663858
O  15.93400570  11.44797144  15.20911246
O  16.60325627  10.46930037  10.47792280
O  17.85704990  13.57446660  14.62180205
O  14.39417803  12.35831995  10.08542223
O  19.53958828  9.89545192  10.56846447
O  18.17967357  11.01392224  13.02713081
O  18.22798636  15.45333700  12.08404489
O  15.73861037  15.78640312  14.04097965
O  16.26757283  14.56623749  9.71928527
O  16.65254367  13.51039195  12.43427654
O  18.63464923  12.77550473  10.50595682
O  9.29554905  12.20786279  11.65339094
O  13.15558831  14.96116529  9.12110502
O  11.84994543  13.66212094  11.21862145
O  11.30719920  9.09186059  12.75274597
O  9.37705427  14.61143823  13.35903624
O  12.36701766  15.66601195  13.64930219
O  10.47332313  13.34169678  9.17421957
O  10.77868228  15.88362160  11.09457452
O  12.11161422  11.26872011  11.89485153
O  10.89883773  10.38337572  9.88218765
O  14.29911181  14.84209682  11.77172454
O  9.64496056  11.08094753  14.28984820
O  12.78532015  10.68197533  14.77395563
O  14.05131033  13.41620042  14.33937982
O  13.78774802  9.42390925  10.74724796
