42
# E(PBE) = -368.368 eV
Ti  18.72542668  11.62956391  10.19627563
Ti  14.14056323  15.60674514  9.99215073
Ti  13.26676055  10.83957707  10.16899583
Ti  12.34490863  10.45211981  12.80786667
Ti  15.91702289  16.05962585  12.48671332
Ti  20.88018124  12.55975110  12.27636047
Ti  16.04175897  10.21833393  10.17013249
Ti  16.38717480  13.54084861  10.05544839
Ti  12.19045138  13.59513940  10.43634735
Ti  18.20174569  11.69867282  13.65806346
Ti  18.31586264  14.66664530  12.90850830
Ti  10.77036723  13.08751039  13.40771445
Ti  14.05706529  13.55134585  13.11812705
Ti  15.41749036  10.45397525  13.55969515
O  16.78760578  14.55214156  11.63990282
O  17.55791064  16.37677960  13.20349483
O  19.94244706  11.47932382  13.62296913
O  10.86302920  11.16039088  13.44479793
O  15.45563254  14.75517283  9.05303410
O  13.14549194  11.90660958  11.83249538
O  17.78623741  10.14195574  9.59178649
O  12.57246141  13.51492324  14.03256872
O  17.94375966  13.46909633  14.18670433
O  17.07450804  10.36814193  14.34318430
O  15.67046094  9.76039523  11.88092176
O  15.39888366  11.98405528  10.19341031
O  13.90115293  14.23714826  11.24856081
O  22.47955221  12.72173386  12.56545059
O  13.68991584  9.92901183  13.97298888
O  15.30448796  12.26509142  13.49019323
O  17.86403879  11.87956585  11.80526294
O  19.90238539  14.28246683  12.25743985
O  9.56170593  13.74116026  14.29321869
O  14.52350205  9.74994883  9.29495289
O  10.84470113  13.68824199  11.54413935
O  12.44645599  15.20477474  9.47748129
O  20.44312510  11.71412638  10.57483023
O  14.87990853  15.16550543  13.62000909
O  12.26633326  9.66581844  11.13018258
O  12.32187472  12.12392522  9.30245958
O  14.91771015  16.84376676  11.11701628
O  17.94871319  13.11656206  9.32616364
