48
# EA1    27.228 26.173 22.783 90.00 90.00 90.00 Sym.group:    0
Ti  10.70722131  10.26232684  12.79227222
Ti  10.70708517  15.91117386  9.99118026
Ti  16.52142906  15.91130472  12.79195325
Ti  16.52132014  10.26219597  9.99120305
Ti  17.00040537  13.08716912  12.84891149
Ti  13.61369893  14.58855364  9.61714694
Ti  10.22816331  13.08695973  9.93431316
Ti  13.61451578  11.58447594  9.61719251
Ti  17.00016032  13.08633157  9.93415368
Ti  13.61478807  14.58868450  13.16619163
Ti  10.22832668  13.08651479  12.84900262
Ti  13.61399844  11.58465915  13.16623719
Ti  10.70700349  10.26305969  9.98755772
Ti  10.70735746  15.91033631  12.79591755
Ti  16.52115677  15.91025779  9.98723875
Ti  16.52153797  10.26324291  12.79582641
O  17.51355344  11.52927624  13.68034220
O  14.94468183  15.91091212  9.18729455
O  9.71490633  11.52909303  9.10299637
O  12.28347843  10.26211745  9.18749960
O  17.51311778  14.64422445  9.10270019
O  12.28388685  15.91114768  13.59595288
O  9.71523308  14.64435532  13.68045611
O  14.94503580  10.26232684  13.59590731
O  17.51339007  14.64642301  13.67801830
O  17.51300887  11.52707768  9.10488738
O  9.71539645  11.52728707  13.67833727
O  9.71506970  14.64621363  9.10518356
O  12.31160545  13.08711677  9.38867608
O  12.28369625  10.26086113  13.59258095
O  14.91679986  13.08727381  13.39461692
O  14.94511749  15.91256105  13.59239869
O  12.31195942  13.08617453  13.39466249
O  14.94481797  10.26062557  9.19098545
O  14.91641866  13.08599132  9.38860773
O  12.28339674  15.91245635  9.19068926
O  16.18559290  11.51113808  11.39301350
O  13.61418904  14.72434121  11.39169207
O  11.04289410  14.66233644  11.39310463
O  9.10109455  13.08672417  11.39176042
O  16.93579217  17.07000096  11.38918590
O  13.61421627  11.44895009  11.39176042
O  10.29272206  17.06984392  11.39390205
O  16.18556567  14.66233644  11.39016559
O  16.93617337  9.10365677  11.39387926
O  18.12741968  13.08669800  11.39144145
O  10.29244977  9.10368294  11.38966435
O  11.04286687  11.51108573  11.39027950
