48
# EA10   29.450 26.766 26.090 90.00 90.00 90.00 Sym.group:    0
Ti  15.20869394  12.87850028  12.99726420
Ti  18.14206720  12.38939859  14.18886162
Ti  9.63609758  13.35132803  13.02024927
Ti  11.70901979  14.40932194  11.31254429
Ti  13.48967667  16.46744090  14.93941172
Ti  16.19684174  15.16132283  14.78923909
Ti  16.87646761  14.89646970  11.23957124
Ti  11.73316908  11.37262487  12.92585653
Ti  16.15204775  12.22971048  9.48258272
Ti  14.17513370  15.91774016  12.03896137
Ti  13.14563761  11.47144627  15.44685748
Ti  17.29283674  11.18022827  11.88315334
Ti  13.43018695  12.33897076  10.34435345
Ti  11.63121195  14.34829464  15.03967465
Ti  19.22112825  15.42237514  13.54418375
Ti  16.27747681  10.32295529  15.25603700
O  14.44227788  12.06648922  8.81625035
O  12.58033802  11.02136993  11.34186918
O  13.71968395  12.10120519  13.80395945
O  17.73470988  15.94413179  14.72662367
O  12.22136763  12.99016954  16.08159515
O  16.10902078  11.01660551  13.38054880
O  18.37716940  15.60240567  11.75380033
O  14.04861497  17.23614399  13.33924872
O  13.72501446  13.79610464  11.67482664
O  11.82808758  16.04846706  15.71002484
O  20.58886168  16.28821335  13.70980152
O  16.60614279  8.72470917  15.16054849
O  16.84607484  13.87800970  9.64924408
O  9.83088224  14.43359903  11.58721724
O  14.58649627  10.75311747  16.14470627
O  19.36514049  13.65943560  14.28534154
O  15.68626092  14.89036697  12.92024724
O  17.87733795  11.32452572  15.59697793
O  15.49621777  16.16583755  10.83306676
O  11.54686613  13.35670807  13.06942846
O  13.32873047  14.84997653  14.15703212
O  17.24221158  13.05759400  12.30035463
O  9.77427865  14.11596264  14.65205915
O  12.00508422  13.40130083  9.83260288
O  15.03691002  16.14881415  15.85388376
O  16.22349431  13.29086282  14.71227431
O  15.29607315  12.03444989  11.17040730
O  9.89820575  11.53354422  12.75449902
O  17.33824919  10.94971638  10.01924900
O  12.43426426  16.03516418  11.33584244
O  11.95021821  10.43117169  14.47428355
O  18.74665356  11.08825906  12.85747528
