48
# EA11   29.455 27.815 25.585 90.00 90.00 90.00 Sym.group:    0
Ti  14.02059017  12.50905376  10.38834093
Ti  10.25995552  12.94365667  14.47212744
Ti  14.58006237  14.25372367  12.61744942
Ti  13.25543225  11.48823064  13.90970142
Ti  16.19597502  10.33793062  10.89524839
Ti  15.78519271  9.48007316  13.51736175
Ti  17.41303472  13.04837858  11.50116822
Ti  17.25271003  11.91690904  14.11079629
Ti  12.94850900  14.33872504  15.33345822
Ti  15.16975561  16.63059130  15.63637975
Ti  11.37878211  14.96636118  11.96816372
Ti  12.35872739  14.70342990  9.32542918
Ti  13.41195722  16.98575575  10.96816447
Ti  17.16033850  14.75800211  14.82025695
Ti  18.61801779  16.12122279  12.17286602
Ti  15.52875568  17.46603021  12.82309835
O  8.80327772  12.43072789  15.01636282
O  15.49656113  13.48028348  10.85863685
O  14.62504047  10.81005541  10.08802903
O  12.90459128  14.71931202  13.48799064
O  13.02727222  14.35488532  11.04310173
O  17.01044095  10.12334109  14.67680416
O  15.96045119  11.11634963  12.59631655
O  11.50788428  11.50088628  14.05420318
O  11.30596883  13.94645594  15.77335964
O  14.06441951  9.80044156  14.01421447
O  16.22678517  8.74724226  11.86603004
O  17.46746794  11.49807700  10.37795359
O  13.62494783  12.37557156  12.29618373
O  18.47371673  12.20846153  12.86592695
O  17.51975094  13.07037992  15.48594237
O  13.65301864  15.79570869  16.22940494
O  10.17839405  14.18057131  12.98527905
O  14.37299226  18.37178438  11.62686530
O  16.71367974  15.92162532  16.23104235
O  15.41458729  15.59380261  14.08270442
O  11.88111121  16.76685496  11.92569330
O  13.15233903  13.09101834  8.85810108
O  17.18661255  17.43462754  12.27883738
O  13.11042427  16.37962029  9.22129991
O  10.77100336  14.77377298  10.16004965
O  20.06691942  16.79197153  11.81826361
O  14.77726498  15.94546242  11.76763171
O  18.52985835  15.41108859  13.95974488
O  16.33008458  13.54851266  13.23304021
O  18.21733860  14.53200860  11.08176005
O  13.96783589  12.77309763  15.04711550
O  15.24507258  18.10807429  14.56221078
