48
# EA12   28.996 29.576 26.316 90.00 90.00 90.00 Sym.group:    0
Ti  13.50311353  15.00740158  16.04488918
Ti  16.83884051  17.80582682  13.30297740
Ti  15.18949128  15.44281536  13.26368768
Ti  12.79174269  11.32738322  13.23184538
Ti  18.56581334  15.99283507  15.13806775
Ti  15.68611413  12.25771713  14.18335129
Ti  12.53770446  14.50857746  11.83807356
Ti  17.91046372  14.66665969  12.58718348
Ti  12.58346091  17.36532602  13.96653416
Ti  9.56069303  15.75256190  13.55087368
Ti  15.34647826  10.36534414  11.57188770
Ti  14.25015005  15.77394515  9.83798219
Ti  16.11398630  13.64419741  10.56609197
Ti  10.78721547  13.39939915  14.49622166
Ti  16.42706139  14.40435261  16.21289022
Ti  14.45228457  18.99976915  11.56836136
O  9.25654886  14.25360516  14.76843388
O  14.48771827  17.43379382  10.36398545
O  14.93388724  14.80158414  17.22400177
O  8.35690383  16.10069772  12.49697239
O  15.56522777  14.68833870  9.12039878
O  15.62449659  11.97612669  10.45056494
O  14.06842906  20.33342718  10.70951392
O  16.63989561  12.67272367  15.72822931
O  13.03511021  12.81391816  12.15054919
O  13.52480290  10.06837431  12.21378642
O  13.14216525  16.71161384  15.68886065
O  18.21762352  17.70713264  14.61077500
O  12.51195558  15.14623002  10.13235244
O  14.69678295  14.81675648  11.43643949
O  19.32639122  15.05670431  13.73913801
O  13.22495022  15.80221954  13.05905483
O  16.27433688  10.93606685  13.19589779
O  16.95320266  16.23855016  12.21404958
O  10.82177929  17.16764190  13.88874420
O  13.99892448  11.66744487  14.55185358
O  16.90912800  15.36852115  14.57943270
O  16.29463442  19.16125259  12.34910305
O  17.96599199  14.01067018  10.92538368
O  11.08141384  11.66664633  13.95200775
O  18.06979942  15.16450782  16.71728809
O  14.70037852  14.32352216  14.72993364
O  10.94866792  14.45333001  12.86647469
O  16.30597205  13.64606068  12.82186915
O  13.14030947  18.72205312  12.95421208
O  12.01924725  13.97988185  15.74536100
O  16.05816806  9.02955665  10.95601545
O  15.21622604  17.18432260  13.88119152
