48
# EA13   30.660 26.849 25.990 90.00 90.00 90.00 Sym.group:    0
Ti  13.70832311  16.60886577  12.29949293
Ti  15.13274564  13.59930626  12.75096468
Ti  17.14313781  12.99636336  10.15763359
Ti  20.20427117  13.85367153  14.27704368
Ti  10.77068733  14.65341593  12.81983810
Ti  17.79833723  15.52441698  12.54847683
Ti  15.00149114  15.71351289  15.21658106
Ti  14.57338869  11.82237391  15.62854806
Ti  15.84662786  10.10735484  12.34084297
Ti  12.71390393  14.09810276  15.71584836
Ti  17.12661219  13.74198064  15.36103331
Ti  12.20004609  11.98408407  11.71648594
Ti  14.84282680  11.38055050  9.79603516
Ti  18.44519718  11.69881586  12.70270131
Ti  13.58307792  9.78608242  13.90689454
Ti  15.96988016  16.46879572  10.54509205
O  21.71273215  14.18170984  14.81898651
O  10.78043714  12.99477928  11.74707614
O  16.40040474  15.21600512  16.27907698
O  19.97364833  12.08463273  13.45305770
O  9.26458715  15.28645630  12.90596886
O  16.43084990  14.99831527  13.81850266
O  16.20749343  16.30649489  8.92516327
O  14.51053615  16.94310614  13.93914809
O  15.42830588  9.85231834  10.53069361
O  17.14372035  12.75990622  13.46618264
O  13.47031127  15.66207064  16.24097569
O  13.40988085  13.10445652  12.45114440
O  17.57746420  10.01843170  12.74275185
O  18.48149835  12.06347589  10.84423660
O  16.10119598  12.30957175  8.79783842
O  17.20629695  14.62943998  10.95032765
O  12.03577101  15.99056537  12.27737547
O  13.21574315  12.57561624  16.59703826
O  15.70393727  12.29005269  11.29253757
O  18.83819419  13.77717938  15.65656525
O  16.23036562  12.22843476  16.12992055
O  11.37161894  14.10221062  14.59957920
O  14.41276212  17.51605896  10.92971760
O  14.84206030  8.76174803  13.05224040
O  14.81305616  15.10807305  11.74291774
O  17.38682171  17.06027419  11.80066745
O  12.24775270  10.50460929  12.90375971
O  13.82964384  10.09905857  15.66937830
O  19.46055698  15.16969099  13.06383193
O  14.81412925  11.23768818  13.63368799
O  14.37992550  13.83221936  14.65935612
O  13.09224557  11.66826196  10.05601282
