48
# EA14   29.209 27.567 26.808 90.00 90.00 90.00 Sym.group:    0
Ti  15.07619675  13.85042162  13.32348055
Ti  10.59718903  12.64637872  13.87609559
Ti  18.89295135  13.58947261  14.30410819
Ti  17.91532987  16.04814381  12.44970861
Ti  15.22165701  15.65514897  16.47693026
Ti  12.46755096  15.14962573  15.20214114
Ti  13.11414812  15.92185948  12.00376162
Ti  17.98546041  11.50866198  12.73459461
Ti  14.39749903  13.93717490  10.09156453
Ti  15.53574018  17.12984446  13.55220430
Ti  15.46864737  10.77441552  14.76356628
Ti  12.49550387  12.25749137  11.44819773
Ti  17.19772591  13.55294636  10.36087523
Ti  16.71466932  13.29337570  16.56748686
Ti  9.88811406  15.69126171  13.56097044
Ti  12.33573125  9.86426417  13.86169982
O  15.99469944  13.74991242  9.04190692
O  17.95522921  11.94642559  10.95029732
O  14.72498908  12.22931791  13.90496754
O  11.07113245  16.18167825  15.04461878
O  16.06471315  11.60972252  16.34664458
O  12.95136698  10.76427087  12.23143988
O  11.39129107  15.92119788  12.23334323
O  15.60908370  17.11956198  15.41416366
O  16.27939847  15.45018849  13.04800407
O  16.22247035  14.66111131  17.69598607
O  8.64270550  16.72857953  13.34061070
O  11.82892784  8.35855583  13.47188827
O  13.74663738  15.62102105  10.25471652
O  19.11219327  15.28768115  13.61187836
O  14.05920169  9.76127394  14.87508654
O  9.31953385  13.91283326  14.04131177
O  13.87244006  15.39816960  13.87614920
O  10.83462808  10.94042386  14.42098999
O  14.12273102  17.48339095  12.48764158
O  17.30460123  13.07493496  13.52156304
O  15.69446128  14.23451233  15.31950549
O  13.48913182  13.83294416  12.04820888
O  18.47172998  13.48105168  16.06653036
O  18.00330704  15.14753064  10.85108182
O  13.48206327  15.45079496  16.75736618
O  12.02880426  13.47269889  14.76528198
O  15.75252855  13.49387033  11.48221677
O  19.55637283  12.05250332  13.55469742
O  13.19418047  12.64169234  9.74134803
O  17.17263548  17.68937141  12.80973675
O  16.88542448  10.33359197  13.57072846
O  10.87064264  12.70622663  12.02880007
