48
# EA15   30.377 26.826 25.893 90.00 90.00 90.00 Sym.group:    0
Ti  14.60742557  10.51425303  14.05547472
Ti  17.33239932  11.55047318  14.61212359
Ti  15.76957353  14.04966652  16.03841658
Ti  13.27552873  12.58382291  15.70721852
Ti  16.47435945  11.41781704  11.08789769
Ti  13.39776736  14.63541916  10.27278435
Ti  10.51367682  13.70768463  13.95324894
Ti  11.94074603  11.82705251  11.33660047
Ti  15.56950801  16.84542480  12.74968800
Ti  17.16015949  16.35383254  15.11558813
Ti  12.66272556  16.09053224  12.54663467
Ti  16.32657342  15.50483326  10.16434424
Ti  19.65229052  11.66467281  12.35461179
Ti  15.68193475  13.63587058  12.84556998
Ti  18.52398297  14.63753843  12.94204750
Ti  13.77915554  9.77124453  11.39651700
O  17.44543360  13.29099145  13.56482724
O  17.68125331  15.60081783  9.25415161
O  8.94690197  13.89627364  14.38682813
O  11.64699663  13.11959811  15.38987325
O  15.28672485  10.15834828  10.43029180
O  18.94865894  11.09686698  14.09625628
O  21.04712932  10.90339559  11.99384386
O  11.42238618  15.36917258  13.54543334
O  15.75362540  17.18780909  11.02647937
O  13.84932732  17.29557040  13.21954336
O  12.29719437  16.01262862  10.74875047
O  14.71967004  15.04258899  9.18820200
O  14.09735874  14.78961683  12.11947696
O  14.26719875  13.57081677  16.93584394
O  18.21294884  11.23056935  11.09204058
O  16.59775242  15.59896681  16.68750366
O  16.13504396  10.17785102  14.98234248
O  12.50658575  13.04515508  10.10515272
O  16.98099362  12.71661318  16.05972656
O  13.41389776  10.78356243  15.40784303
O  14.63285144  12.97808929  14.40477202
O  15.92240220  13.20844687  11.00027560
O  14.20085452  9.03824224  13.02252311
O  16.92124129  15.24520817  12.08630796
O  13.53075959  11.41376627  12.29624884
O  15.81769132  15.22750280  14.32887947
O  18.71973490  15.67684361  14.45536704
O  19.81049599  13.63809717  12.31196593
O  16.64568795  17.70553018  14.00490558
O  10.76085767  12.46621634  12.47897612
O  12.10876340  10.06536827  10.71107608
O  16.06122689  11.49089193  12.91874375
