48
# EA16   28.534 27.462 26.975 90.00 90.00 90.00 Sym.group:    0
Ti  16.64838120  16.20244317  13.44329812
Ti  15.79377374  15.07102216  10.44739533
Ti  11.59991957  17.19724235  12.98096861
Ti  13.75361599  17.25128693  14.72044327
Ti  13.58691759  14.91424346  17.02712738
Ti  14.25876176  13.78771063  13.53552664
Ti  12.01418305  11.75689230  11.81024098
Ti  10.79855743  14.17074607  12.78070405
Ti  11.74501736  13.15543302  15.69738041
Ti  13.14280706  15.80787383  10.99229621
Ti  15.35126113  10.74984522  14.92507783
Ti  18.84796105  14.14526164  14.38759516
Ti  16.16751826  13.66608287  16.12431834
Ti  15.18616067  11.71542517  9.89898766
Ti  16.98939669  11.53887406  12.73900025
Ti  12.10164121  9.78994983  14.64828437
O  15.43637946  17.50396180  14.05191464
O  18.23449842  16.02086658  14.14066334
O  16.85788130  16.05664914  11.61558728
O  14.55977192  14.70114086  11.91185690
O  16.05044132  13.47393353  9.80624661
O  13.59379440  13.87004073  15.41940004
O  11.85019543  14.66296913  11.05930283
O  12.34198707  17.44283211  11.36137214
O  12.05513002  14.00982066  17.37146697
O  13.49769030  16.62667113  16.42870753
O  12.40367860  18.34700776  14.24489587
O  12.93753006  15.96767331  13.58599741
O  14.36630819  15.85021973  9.60447143
O  10.30528199  12.67894550  11.93475892
O  11.99035676  10.29779858  12.78504707
O  12.52135477  13.12863043  13.14284733
O  10.24053727  16.03682181  12.85024635
O  10.51398313  13.92938541  14.62381778
O  11.16630972  8.50960416  15.06874823
O  20.46421067  13.89192769  14.45201215
O  17.98681919  13.00348758  13.07292738
O  16.51047409  11.01649808  11.12930371
O  16.85362967  10.23496627  14.03648477
O  13.99159349  9.64283764  15.05318349
O  15.16473128  12.15072018  13.49765333
O  15.67478498  11.90021478  16.28881367
O  11.70401332  11.40238954  15.66128747
O  13.35590250  11.79728842  10.62532435
O  15.76361280  14.71080737  14.41953390
O  15.23960574  10.98499954  8.43630646
O  17.90469698  13.76763614  16.05733870
O  15.30423632  14.54106676  17.51084830
