48
# EA17   30.985 25.825 24.054 90.00 90.00 90.00 Sym.group:    0
Ti  19.77609438  13.78819821  12.89818761
Ti  16.85941830  14.79825101  13.50536434
Ti  13.34247700  16.34986007  11.41187711
Ti  18.49469407  14.91255373  10.29515976
Ti  16.17394535  16.37966245  11.13154919
Ti  13.49981695  14.56411895  13.91065396
Ti  11.34839923  12.60072568  14.05315118
Ti  10.05333469  11.26065154  11.23349099
Ti  11.97143815  13.69339358  10.75899736
Ti  15.36518457  13.14455458  11.60043817
Ti  20.34236946  11.18841821  13.56138662
Ti  13.36342261  10.62509123  10.57058063
Ti  17.12145531  11.01014626  13.59039602
Ti  14.04561119  11.05787139  13.83502748
Ti  19.21012915  11.75864055  10.01690050
Ti  16.44140467  10.26036070  10.32883568
O  16.76147589  16.55966470  12.81950625
O  21.38667540  9.96308582  13.25765394
O  18.52422242  14.46510480  14.10294342
O  15.28428370  14.81493414  14.45617970
O  12.13866220  15.49230559  10.34011711
O  14.62390830  14.96257731  11.41774634
O  14.67212039  17.46140625  10.84710799
O  16.98019638  14.48687552  11.43338159
O  21.04172352  12.99487121  13.83209286
O  18.64360619  13.47057300  9.30641089
O  13.00170805  16.21982975  13.17906879
O  19.88234068  14.97437946  11.46806778
O  17.51124194  16.44642082  9.87909385
O  13.49405381  12.54336772  10.55210698
O  11.95932316  13.69282542  12.61749887
O  12.36423029  11.18036072  14.55559581
O  12.31480981  13.98294669  15.10167480
O  10.45768410  12.94541579  10.32775324
O  10.03948457  11.87183278  13.12097784
O  8.63820472  10.59895604  10.76253334
O  11.62382160  10.27438383  10.58948725
O  14.74205269  9.80229758  9.65014575
O  14.20186667  12.77946249  13.17038521
O  16.64392021  12.78225163  13.04802138
O  15.63016511  10.64533825  14.62573793
O  18.67208107  10.77423226  14.42081999
O  13.94153382  10.21614781  12.26072662
O  16.08421387  12.08863607  10.39462398
O  16.91488079  9.99064140  12.08472187
O  17.97842818  10.36714826  9.46485606
O  19.35842158  12.12344855  12.03969236
O  20.71046685  11.44261651  9.47264963
