48
# EA18   30.364 29.282 26.326 90.00 90.00 90.00 Sym.group:    0
Ti  14.64979016  18.12827374  11.91273796
Ti  11.58294913  12.01078735  14.01939161
Ti  16.16531082  16.20911055  10.30120228
Ti  16.21040205  13.52295558  16.23535189
Ti  16.76810612  19.32050336  14.23926853
Ti  12.71599903  16.22193621  13.64879684
Ti  17.89310944  16.63853576  12.76273391
Ti  19.54976412  10.89205635  12.50557900
Ti  12.41712163  13.74585260  11.50020546
Ti  18.55350612  13.76488610  13.90489870
Ti  16.36289238  11.72077526  12.13522118
Ti  9.90109195  14.68417523  13.41328212
Ti  15.75478330  16.48225602  15.65680600
Ti  15.14005476  13.59253037  9.70359617
Ti  14.12251128  11.88188658  14.94196906
Ti  15.46510633  14.76953319  13.14793975
O  13.34396647  13.63987988  9.86221189
O  20.43431126  9.63812889  13.05513968
O  15.04625894  11.44812759  13.32053471
O  11.10045783  15.96823420  14.26820109
O  18.14419317  18.25137661  13.34675566
O  8.36325340  15.20610328  13.22038962
O  17.85907088  16.47194865  10.87982714
O  19.74846916  12.50407729  13.40651627
O  12.09738385  12.13570572  12.21983378
O  15.77716190  16.64951663  12.36073192
O  16.26147507  18.15872735  15.74107636
O  15.90022907  12.03427177  10.38273470
O  15.22874936  13.75548648  14.68186561
O  15.17770670  12.02888382  16.49921999
O  12.98253828  17.61106014  12.46882755
O  12.77071579  13.17238766  14.70729678
O  17.02629514  13.39402553  12.81280646
O  16.79965480  15.71093046  14.26725334
O  14.11088169  16.37686896  14.85169632
O  15.53330491  14.56031102  11.21377575
O  15.38133078  19.40483644  12.88254472
O  10.04025228  12.91218497  14.17218922
O  15.94352879  15.00868189  8.85583795
O  17.92010345  13.35789115  15.59043750
O  13.55779301  14.75749815  12.71932191
O  17.28102261  20.79290620  14.72227642
O  15.96265840  15.18299953  16.97851588
O  17.74159077  10.55279140  12.24013132
O  12.71903548  10.72128187  14.86541230
O  19.15308279  15.37746341  13.32969625
O  15.14233210  17.72877506  10.15640785
O  10.94575090  14.67621044  11.72179359
