48
# EA2    30.404 26.997 25.854 90.00 90.00 90.00 Sym.group:    0
Ti  13.98598904  9.98312005  12.23177614
Ti  15.13603260  13.23999651  12.67739345
Ti  16.53624293  13.72863596  9.77118577
Ti  20.03833458  13.62712854  14.11210225
Ti  10.93184429  11.67257072  12.90860461
Ti  18.02994656  11.49917120  12.59401472
Ti  15.44275142  11.00186582  15.13061546
Ti  14.32904103  15.53976056  15.66015443
Ti  15.26394359  16.84845041  12.19498609
Ti  13.05096486  12.41967615  15.56516731
Ti  17.02937066  13.85273959  15.54955157
Ti  11.92570083  14.63548060  11.91330817
Ti  14.24579399  15.44799893  9.78571565
Ti  17.75503066  14.91972838  12.09862871
Ti  13.04974869  17.23822811  13.86191435
Ti  16.12204482  10.65711854  10.46267338
O  21.61221442  13.81156969  14.51369042
O  10.67006306  13.42330380  12.05878790
O  16.42864203  12.27519005  16.17195764
O  19.33535621  14.88889820  12.78039526
O  9.51375621  10.85651583  12.96731874
O  16.99072676  11.08118199  13.95429023
O  16.40371048  11.96605136  9.19637668
O  14.66896137  9.73037736  13.88474332
O  14.69228149  17.06555751  10.44941035
O  16.54125964  14.15817974  13.71159995
O  13.95999334  11.02886248  16.29445328
O  13.36604487  13.71667645  12.51591017
O  17.01255707  16.66390127  12.36634554
O  17.92587256  14.78363824  10.19495656
O  15.35828820  14.60184277  8.62273101
O  17.09133467  12.95677460  11.69729909
O  12.31271747  10.52529387  12.16920978
O  13.25394413  14.18317864  16.13405587
O  15.31408032  14.64744012  11.17479238
O  18.78959859  13.91796351  15.56299559
O  15.99352575  15.29060843  16.26355790
O  11.58201035  12.04984897  14.69536556
O  14.87732220  9.33860191  10.69047183
O  14.25415518  18.23313584  12.91651589
O  14.99164246  11.57659761  11.74507704
O  17.67901985  10.24177500  11.24878615
O  11.84184571  16.24863872  12.93882778
O  13.29377380  17.08105359  15.67005646
O  19.62912279  11.98486802  13.17800193
O  14.39504882  15.86118273  13.72941327
O  14.50246729  12.44440509  14.30706629
O  12.54959756  14.97496354  10.17060221
