48
# EA3    30.101 27.254 24.517 90.00 90.00 90.00 Sym.group:    0
Ti  16.26293949  12.04483296  9.98049752
Ti  19.56953511  14.67108148  11.10341627
Ti  13.46294843  16.19227845  14.01915097
Ti  16.46591243  15.49031752  10.62852574
Ti  11.88293219  14.86030786  11.04170747
Ti  13.76236588  17.64375900  10.96161106
Ti  9.43777504  13.48312245  12.33381670
Ti  13.15853418  11.87130504  10.40407438
Ti  10.65895391  11.01500319  11.90783719
Ti  11.58375556  14.07802861  14.24691210
Ti  16.39047862  14.74218787  14.14087692
Ti  19.09474760  11.69341643  13.06615821
Ti  19.43106921  11.97781472  10.27386562
Ti  12.99758263  11.20649168  13.77918048
Ti  15.99982419  11.32305818  13.49017637
Ti  19.92548276  14.58051555  14.38847214
O  17.95165146  11.61650489  9.28500477
O  14.62266049  11.37415994  9.44095617
O  16.04744442  13.82750738  9.90349023
O  20.39352757  13.47543674  9.90415219
O  13.65442268  11.82576316  12.18085634
O  16.31715190  15.22938516  12.40722001
O  18.29962226  15.73895821  10.39853358
O  13.55295126  19.15669793  10.37453163
O  12.71279441  13.58281856  10.02129349
O  13.59154111  17.55278425  12.90895645
O  15.36203825  16.82155224  10.27261526
O  9.71828887  14.07674766  14.02741314
O  11.17892343  12.75933085  12.39402997
O  12.69997126  14.84676249  12.82199534
O  9.99859200  14.71155407  11.13310612
O  12.33463202  16.41647206  10.43457328
O  8.95320462  11.73432509  11.90499324
O  11.60591010  10.83853181  10.36778951
O  20.90979464  15.18019121  15.55213782
O  19.89718755  10.83180000  11.62054926
O  12.05429879  15.58170108  15.12512861
O  20.08405630  12.64360923  14.13570387
O  14.55110974  10.40540698  14.26088668
O  15.01156904  15.76959201  14.83659032
O  11.50859266  10.19004375  13.29384578
O  12.45940183  12.60272783  14.87187000
O  18.63862289  13.04607301  11.69115766
O  16.32293134  11.42013789  11.67549142
O  17.70975756  10.86461414  13.94601734
O  15.83793950  12.98210724  14.12991790
O  18.05808959  14.89443021  14.72153295
O  20.30713690  15.23112943  12.59474906
