48
# EA4    28.264 28.262 23.926 90.00 90.00 90.00 Sym.group:    0
Ti  10.76774956  14.93501551  9.98856816
Ti  11.92128358  12.30903679  10.36657192
Ti  13.32664883  10.75702535  13.92603756
Ti  11.50597402  12.97889212  13.54674181
Ti  12.99279580  16.75186597  10.37599869
Ti  14.92121254  17.49729269  13.93910105
Ti  12.29945439  16.34116908  13.55327355
Ti  15.12527781  18.26809829  11.38746201
Ti  17.50879966  13.34064000  9.99816241
Ti  13.14977343  9.99729828  11.36925448
Ti  16.74106770  15.27127147  13.55693420
Ti  16.35653752  15.96509260  10.37791275
Ti  15.28474266  11.51921117  10.37171597
Ti  15.95485116  11.90681837  13.55432629
Ti  18.26485864  13.13718508  12.55446698
Ti  9.99348864  15.11402419  12.54068572
O  14.91075491  11.08070492  14.82799248
O  17.18998302  14.92930668  9.10300242
O  13.33244293  17.17276528  14.83134210
O  12.06769051  11.77681523  14.82227422
O  11.79454831  16.19132633  9.09623141
O  11.09739127  13.35053154  9.08974752
O  16.47948543  12.09427725  9.09527438
O  16.16660420  16.46275028  14.83694073
O  19.09443199  12.95939165  10.91002261
O  18.44142314  14.58115261  13.71132741
O  15.30189884  19.08762680  13.03621302
O  16.50288792  17.79765648  10.23407083
O  15.77040103  13.72378188  13.76633283
O  12.95246323  9.17036524  13.01290929
O  13.73884936  12.49200209  10.15791500
O  14.59600826  9.81761133  10.21545655
O  9.17697321  15.31123331  10.89238930
O  13.68096492  18.45431366  10.23404690
O  11.77775956  10.47794251  10.21325538
O  9.80284872  13.66810662  13.69132543
O  12.47454917  14.52431863  13.76970637
O  14.54072410  15.78625349  10.15791500
O  10.46812409  16.48951397  13.69489038
O  17.78694458  11.76268445  13.70833668
O  11.63892735  15.94485733  11.55104273
O  12.31590397  11.63344437  12.36691261
O  16.63708486  12.30686065  11.55453589
O  17.16985913  14.62001224  11.55482300
O  14.62483743  11.08533981  12.37200881
O  15.95575560  16.63251743  12.37856448
O  13.64283694  17.16502161  12.37980862
O  11.08741412  13.63682108  11.54542016
