48
# EA5    27.204 25.805 23.401 90.00 90.00 90.00 Sym.group:    0
Ti  10.85831169  10.60561542  9.69886725
Ti  10.04799642  13.47406932  10.21728899
Ti  10.86290911  15.20244439  13.70239637
Ti  14.19307174  10.79778325  10.07531622
Ti  10.04524885  12.33502268  13.18362361
Ti  16.34104513  10.60200276  13.70206876
Ti  13.00663873  10.79721555  13.32482415
Ti  16.78160833  9.63690582  11.13537332
Ti  16.34528890  15.19958007  9.69907786
Ti  10.42188345  16.16785099  11.13570094
Ti  17.15851497  13.46945027  13.18381082
Ti  17.15568579  12.33081651  10.21703158
Ti  13.01044724  15.00712838  10.07529282
Ti  14.19720669  15.00738643  13.32489435
Ti  16.78669541  16.16410930  12.26624130
Ti  10.41701400  9.64054428  12.26605410
O  12.60233801  15.29851541  14.24688662
O  17.40204209  13.83990299  9.11628046
O  14.60148021  10.50585433  14.24672282
O  9.80161291  13.84529618  14.28376631
O  12.59716932  10.50763485  9.15430679
O  11.98087051  9.24062256  13.08508276
O  14.60637687  15.29761224  9.15440039
O  17.40217810  11.95917678  14.28369611
O  17.06689306  16.70732470  10.50773996
O  17.83912321  15.17971042  13.41704678
O  17.05854153  9.09229697  12.89422568
O  17.83441698  10.62019509  9.98332760
O  15.35075048  13.70370562  13.79674847
O  10.14519508  16.71225340  12.89476390
O  11.85663142  13.70380884  9.60449175
O  11.98476064  16.56449551  10.31428539
O  10.13673474  9.09756113  10.50745915
O  15.21848631  9.24020969  10.31437899
O  9.36899319  15.18466493  9.98374882
O  9.36458620  10.62476253  13.41681277
O  11.85301333  12.10089636  13.79672507
O  15.34705078  12.10110280  9.60446834
O  9.80155851  11.96511187  9.11632726
O  15.22275728  16.56397941  13.08517637
O  13.60084817  11.27073236  11.70033930
O  9.12154874  12.90440407  11.69987128
O  13.60275242  14.53407606  11.70015209
O  16.19327488  14.58470494  11.46466965
O  11.01242040  14.58720800  11.93680457
O  18.08207905  12.90022371  11.69970748
O  16.19134342  11.21741978  11.93671097
O  11.01040732  11.22007767  11.46471645
