48
# EA6    30.116 26.797 26.228 90.00 90.00 90.00 Sym.group:    0
Ti  14.11664521  16.66349623  12.23569306
Ti  14.55495475  15.29381708  15.35516913
Ti  12.47324040  11.34867057  12.56453382
Ti  11.51886157  15.50369181  11.61897894
Ti  14.57645764  13.56361001  12.34104904
Ti  9.49114537  12.27641228  13.56802530
Ti  11.66700261  13.92035954  14.52748077
Ti  15.58983388  12.58251532  15.52640867
Ti  19.48992751  11.65249586  12.42657701
Ti  15.27999957  11.50546028  10.23211966
Ti  17.86712211  15.97457010  14.67750223
Ti  17.03103927  10.28019060  12.67133231
Ti  18.72847234  13.28730532  14.69835312
Ti  17.75147633  13.87434895  11.57132352
Ti  14.71631675  10.09038688  14.32883346
Ti  16.90659960  16.67767188  11.82156037
O  12.71296446  14.95719216  15.57267403
O  12.44709963  17.14758548  11.72648558
O  15.73978188  15.33243167  12.24238108
O  15.09153309  13.93099798  14.15840698
O  15.01976645  13.89037361  16.60150131
O  14.17368508  16.61338569  14.02205006
O  15.48912568  17.73173502  11.46945580
O  15.40772190  11.52762147  13.45351591
O  10.68982590  11.40320263  12.39751691
O  8.23412997  11.30625079  13.98417750
O  13.09432448  9.90154786  13.44973915
O  12.89941316  12.82717266  13.58050961
O  10.42718350  12.75806299  15.12898292
O  10.70355884  14.61124186  13.15140100
O  10.74231824  15.21991073  10.20633800
O  13.36600171  14.76626296  11.73970426
O  13.65900113  11.98708420  11.24125007
O  16.04594203  13.12116342  11.06056862
O  16.19369156  9.11266862  13.83714598
O  16.35719180  16.04164319  15.55473440
O  16.29415883  10.13813928  11.07040394
O  17.79872847  12.11715723  12.98682326
O  18.86164568  9.95841126  12.32665013
O  17.85811740  17.19941103  13.30294367
O  20.16765995  12.34150238  13.98703631
O  17.41944646  12.48583146  15.68206905
O  17.94066560  15.48772075  10.78604507
O  17.92461372  14.50185617  13.42686874
O  14.75881055  10.96686577  15.94006925
O  19.21478693  12.91155667  11.06883029
O  19.11314513  14.87779241  15.53994207
O  15.18097787  11.46119151  8.59961335
