48
# EA7    28.457 27.851 26.523 90.00 90.00 90.00 Sym.group:    0
Ti  10.88185463  16.35878362  14.73494500
Ti  14.15739561  10.27948184  14.13393330
Ti  13.20304566  14.77680214  16.09353380
Ti  11.46204567  11.60994269  15.75446348
Ti  10.70547519  13.77695820  13.38821198
Ti  18.77206008  13.49881220  14.88912333
Ti  15.97759275  15.34958182  15.78469972
Ti  17.62539450  15.11610851  11.99219919
Ti  14.27170929  13.62235838  12.98418677
Ti  12.46764754  17.03619878  12.52995348
Ti  16.03277180  17.75945636  13.25814308
Ti  16.75041245  11.11795820  13.42149837
Ti  16.39993017  12.90745604  10.66440361
Ti  11.66471982  14.90920487  10.50171139
Ti  12.87407722  11.39886143  11.67519602
Ti  13.56567929  13.13148792  9.61425104
O  15.88493520  9.64927380  14.15769792
O  10.35459450  12.26151230  14.23973363
O  12.07695483  15.39949046  13.54594440
O  9.69480789  15.04896022  14.35784066
O  11.28996331  17.83039236  13.71420646
O  12.39636156  13.23186223  16.27198070
O  15.02591780  11.98935422  13.79024796
O  11.91947116  16.12029717  16.18310205
O  12.97501589  10.41202382  15.42698371
O  14.50304012  14.61184182  14.57265062
O  20.27552550  13.44132814  15.54707996
O  16.26182603  16.88460684  14.95524523
O  14.65212884  15.14072862  17.09650192
O  10.52821356  11.03337530  16.95582380
O  18.00797682  11.77573854  14.42016976
O  17.38734770  14.32542413  15.93704797
O  17.19392223  16.82500611  12.06508446
O  11.73956299  16.69538846  10.86560726
O  15.94765548  14.11331239  12.18555203
O  14.18329191  17.34977100  12.64954579
O  18.65438841  14.56460685  13.29933333
O  16.36620805  19.36460971  13.28827323
O  17.75143266  14.06014520  10.43338808
O  17.01461167  11.45024617  11.61371565
O  14.45352411  12.21413808  11.29697771
O  13.31383061  14.37132225  11.16613964
O  12.56875695  12.71924029  13.02763148
O  10.47283531  13.95442354  11.55955564
O  13.33093356  9.86926732  12.52568327
O  12.23133665  14.22986801  8.90712072
O  15.31496040  13.16476964  9.11941100
O  12.39630464  11.66753816  9.95679588
