48
# EA8    30.419 27.736 23.649 90.00 90.00 90.00 Sym.group:    0
Ti  12.36913620  16.98109936  11.71934187
Ti  20.33448843  15.49398945  12.17525132
Ti  16.88477147  10.69652969  13.26630758
Ti  12.47164882  10.64313829  11.14674722
Ti  17.51764240  16.79044353  13.06538390
Ti  19.00833407  13.65488463  10.47418737
Ti  15.82606250  14.84047875  10.46120395
Ti  12.98518533  15.38690157  9.54706743
Ti  11.11252008  13.03357517  10.63649189
Ti  10.61516657  14.99108409  13.39933438
Ti  15.46154953  18.27131289  11.85636539
Ti  14.13615565  10.47128733  13.71372696
Ti  15.41762424  11.36557244  10.34447146
Ti  13.63925843  13.60817755  12.93867144
Ti  18.21077372  10.75921257  10.72867651
Ti  17.21028706  13.73548483  13.25994594
O  13.23608268  15.23368906  11.38404339
O  21.64090074  15.23008340  13.12691914
O  9.53607675  14.89833561  14.62568776
O  15.76406822  19.32876765  10.64212040
O  17.22035581  12.04598686  11.57978789
O  12.71308581  9.76854559  12.75319069
O  13.88221638  12.19875560  14.13823027
O  13.81231312  10.48290862  9.95979342
O  18.15550208  9.77381539  12.33294425
O  10.89392789  11.18617734  10.42849710
O  12.16916054  16.94548661  9.85032123
O  20.36436006  14.75638383  10.36729294
O  15.11665692  13.06988132  10.02180165
O  10.17475775  13.89624148  11.83645275
O  15.49501062  14.02829158  12.47687333
O  17.28822099  12.19911616  14.24044215
O  18.87096108  14.05891189  12.33050838
O  19.48685812  11.88168003  10.10618203
O  15.68944999  9.78479876  14.39290860
O  13.61662656  18.08295913  12.29541295
O  16.69005833  18.32745013  13.33448825
O  17.46623400  14.46202388  9.83334110
O  10.92757149  16.74226646  12.72743670
O  11.79978050  13.99265109  9.24055003
O  17.26711008  15.26322767  14.17687307
O  12.68117609  12.48790122  11.64307317
O  16.83138582  10.44951473  9.57246668
O  15.19839324  10.85229389  12.22713769
O  12.48302559  14.52037998  13.85784524
O  16.35553866  16.44890500  11.56231112
O  14.79120217  15.57761286  9.16402119
O  19.24158831  16.96076903  12.61883954
