48
# EA9    29.464 27.226 25.472 90.00 90.00 90.00 Sym.group:    0
Ti  16.20940749  12.23546761  14.68631427
Ti  11.27804391  11.34235765  14.72426814
Ti  12.80859307  14.30233801  14.58345673
Ti  13.26975840  9.99557299  13.18537875
Ti  15.87593769  10.06355749  12.31539450
Ti  17.17009985  16.45913744  13.73456363
Ti  19.12710614  13.64419250  14.71104797
Ti  14.63887613  16.76913805  14.85267449
Ti  18.14434549  12.34110632  11.90826918
Ti  14.63875827  11.70117532  9.83201410
Ti  15.66706975  16.62903062  10.70131059
Ti  13.16996496  16.94461266  11.98504298
Ti  10.60957221  15.42945949  12.12906392
Ti  16.52779188  13.73937624  9.42257079
Ti  14.93371905  13.85372743  12.64029493
Ti  11.94863699  12.44532926  11.54016757
O  16.34927152  17.46020036  15.05064596
O  15.55027577  15.45845569  13.78711318
O  12.06811217  15.55110737  13.42530326
O  19.44059957  12.69257285  13.04418525
O  13.57971619  15.56129007  15.73073349
O  17.64475954  10.62951416  11.81725631
O  18.48689010  15.40754218  14.18771757
O  14.56660175  13.24815624  14.50293848
O  9.92781240  10.63996913  15.31471830
O  20.45871661  13.73202510  15.65370496
O  12.86690167  10.23576492  14.88247720
O  16.67195761  13.03990095  12.98715256
O  17.59979798  12.79676856  15.59718171
O  11.57830815  13.18221372  15.17709094
O  14.60307777  8.78734384  12.73749759
O  16.30522333  10.53449377  14.15867904
O  14.45829331  15.49885977  11.58690942
O  18.05023854  13.27549161  10.27077614
O  9.17015417  15.87915913  12.76187468
O  13.10882785  13.48584334  12.55964932
O  10.64089209  13.60465966  11.39782782
O  15.34626933  13.20080940  10.80243601
O  16.98400732  16.89478822  11.92156577
O  15.38645778  10.21899342  10.39396065
O  14.32287829  17.82871066  10.77235311
O  11.58496694  16.83124163  11.21447750
O  16.18477586  15.53068752  9.29312007
O  14.40950147  11.28771412  12.53387125
O  15.63115354  12.46964250  8.45395742
O  11.61142531  10.97436465  12.72659541
O  13.72078823  17.69037296  13.62760503
O  12.80166911  11.91103697  10.01437099
