  ID   Compositions    Enthalpies    Volumes    fitness  SYMM
                       (eV/atom)    (A^3/atom)    ()         
   3  [    16 32  ]     -8.7944     36.3705   -422.1329     0
  14  [    16 32  ]     -8.7812     43.6763   -421.4968     0
  11  [    16 32  ]     -8.7796     40.8576   -421.4212     0
  10  [    16 32  ]     -8.7623     36.3559   -420.5903     0
  15  [    16 32  ]     -8.7608     41.4123   -420.5186     0
   2  [    16 32  ]     -8.7607     41.9077   -420.5149     0
   5  [    16 32  ]     -8.7603     22.9368   -420.4959     0
   8  [    16 32  ]     -8.7587     35.2409   -420.4173     0
  12  [    16 32  ]     -8.7581     48.3965   -420.3883     0
  16  [    16 32  ]     -8.7493     44.7535   -419.9672     0
   1  [    16 32  ]     -8.7459     22.1219   -419.8031     0
  18  [    16 32  ]     -8.7457     51.7099   -419.7925     0
   7  [    16 32  ]     -8.7453     42.2316   -419.7760     0
  17  [    16 32  ]     -8.7416     32.4554   -419.5953     0
   6  [    16 32  ]     -8.7415     41.7420   -419.5911     0
   4  [    16 32  ]     -8.7398     32.0730   -419.5084     0
  13  [    16 32  ]     -8.7358     42.8655   -419.3186     0
   9  [    16 32  ]     -8.7346     38.7116   -419.2618     0
