Ti  14.50994121  12.01749056  9.95387735
Ti  15.97662534  10.72148199  12.32188659
Ti  13.12101173  10.41232367  12.87667846
Ti  14.80211815  14.80187453  11.93302602
Ti  16.10237636  12.94792926  14.01308186
Ti  10.26537187  10.72108013  12.32193598
Ti  11.73187231  12.01769149  9.95424779
Ti  13.12098548  13.00740500  14.38006193
Ti  10.13959460  12.94760275  14.01300778
Ti  11.43951168  14.80215081  11.93324828
O  17.14263017  11.44656864  13.54983745
O  14.80985950  16.37712773  11.51932144
O  13.12106421  11.34723310  11.10823463
O  16.35416707  14.38042058  13.04890719
O  13.12074931  11.92435878  8.71540607
O  15.97709770  10.97857392  10.51145984
O  14.70625661  9.47033140  12.73734457
O  14.84867122  12.13701972  12.81797647
O  14.77991753  13.69727840  10.34520750
O  14.72074212  13.32063219  15.21092850
O  13.12101173  11.13522519  14.50843086
O  11.53595054  9.47008024  12.73729518
O  11.52117636  13.32040614  15.21087911
O  11.43148167  16.37750448  11.51951901
O  11.39327351  12.13671832  12.81787768
O  10.26484703  10.97839811  10.51153393
O  13.12085427  14.32797745  12.92177305
O  9.88762021  14.38016942  13.04898128
O  9.09939328  11.44609143  13.54991154
O  11.46184351  13.69747933  10.34552855

