Ti  13.08881704  14.29134002  14.29248702
Ti  14.86521652  15.04069820  11.38943013
Ti  13.49920989  12.51578269  10.67435731
Ti  15.78211881  13.60136194  13.69936806
Ti  15.11419260  10.34925924  12.69893510
Ti  11.98115873  15.99258212  11.89952036
Ti  10.98494881  11.31731432  10.22739963
Ti  10.08579779  14.04910738  11.42315203
Ti  11.69232509  10.05928562  12.64598602
Ti  10.25793663  12.33954795  14.49776694
O  13.70682578  16.45984625  11.31269483
O  14.76706249  14.29103102  15.06692625
O  12.22878500  15.80566102  13.69859997
O  16.18930268  9.14257654  12.44271306
O  11.99254297  14.24764184  11.32664445
O  14.58389597  13.95081865  10.03433492
O  14.67046202  11.29859389  11.07599731
O  15.93785620  11.86100521  13.68058687
O  16.39546689  14.79110097  12.39246470
O  12.47070642  11.82546986  9.30427184
O  13.36562974  9.68006161  13.14125943
O  9.23409382  12.44823977  15.77032896
O  14.09956924  13.73644778  12.67557011
O  11.95080077  11.77273333  11.79134268
O  9.74467815  12.68022382  10.21065017
O  10.20478472  15.94440339  11.43006489
O  12.02004851  13.07258046  14.89821763
O  10.58711173  10.53684984  13.94394477
O  10.82900768  9.67429355  10.99410834
O  9.69101688  13.47801822  13.02032144

