Ti  12.85914964  10.56084866  12.97151330
Ti  15.43327950  10.15791481  14.25759252
Ti  15.67412620  12.93745113  14.58243839
Ti  13.28345707  14.96266628  13.72165227
Ti  10.62663632  13.18700382  13.13350508
Ti  13.11166472  10.26385201  10.02966867
Ti  15.59942042  10.87063127  11.30793780
Ti  17.23808329  13.86015429  11.62016925
Ti  14.28721926  15.45115027  11.14552718
Ti  12.64765666  13.14519777  10.48073263
O  16.92894140  13.55387020  13.51312019
O  13.71586207  13.95501704  12.16064281
O  11.10357800  13.32646641  11.26457574
O  13.71895490  11.53167535  11.34344048
O  14.67595921  11.70614830  13.48244646
O  12.25070667  9.55372797  11.48113965
O  16.29063862  9.78470579  12.67610928
O  18.80563930  14.20673429  11.30897257
O  13.72949862  16.39293169  12.65514274
O  9.01344708  13.17494777  13.42018741
O  13.74274153  9.45310148  14.19112046
O  16.15087106  11.34663134  15.47517940
O  14.44360372  14.23507481  14.99898516
O  11.56348103  14.64903278  13.99190137
O  11.57990112  11.53502286  13.63381946
O  14.91694648  9.88392281  9.89566513
O  16.62561965  12.17744172  10.80698284
O  16.03930444  15.24597088  11.01645114
O  13.27305393  14.70518528  9.75895146
O  12.41934997  11.72361573  9.23747344

