Ti  15.16908709  13.01766850  9.37539715
Ti  16.47396900  14.86380386  11.03067876
Ti  14.93453223  12.11288547  13.44469645
Ti  18.11545106  12.24582454  12.75471301
Ti  13.67668189  9.67391371  11.21646064
Ti  12.23300230  11.90693081  10.03308697
Ti  12.20638554  10.85304045  13.39985981
Ti  13.88777839  14.69294197  12.25058165
Ti  10.57664701  13.35459349  12.14017494
Ti  16.39529593  10.24132877  10.73453698
O  13.40034990  12.97981950  9.02173529
O  16.24619036  14.49313961  9.23576238
O  16.04497106  11.44676278  9.35457011
O  19.55318710  12.26888340  13.52690476
O  14.30066846  13.85622808  13.74753097
O  17.74405100  13.96295832  11.85187255
O  16.59637167  12.09472386  13.96593407
O  15.21623351  15.94717608  11.81894711
O  15.15206040  10.82382929  11.96314510
O  15.19800088  8.80085198  10.59539364
O  15.06885071  13.45893664  11.24589931
O  10.61024098  12.44619291  10.39784098
O  12.57879055  9.18960402  12.59289394
O  12.67092993  10.14626331  9.74452717
O  12.89443036  11.66694158  11.80556164
O  10.78366630  11.90282107  13.45691186
O  13.66335915  11.22796210  14.43760801
O  12.16409158  14.49488687  11.88154523
O  9.25887305  14.28735721  12.38560639
O  17.87791007  10.68020981  11.60709633

