Ti  11.11317954  10.29825066  11.20225752
Ti  11.82778976  12.57899292  13.38025717
Ti  14.25805050  10.49149562  11.53043265
Ti  16.80997076  11.28219083  12.97319173
Ti  14.48512968  12.65559041  14.32366268
Ti  12.07694067  13.53727370  9.96312619
Ti  14.05081074  15.21538813  12.40701539
Ti  11.20609840  15.24866159  12.11518539
Ti  18.15933121  12.83015553  11.02110200
Ti  15.35873440  13.23255884  10.16186040
O  12.84091229  9.45489149  11.25454225
O  9.85391969  9.36961397  10.70706108
O  16.00771545  11.73195362  14.63998408
O  18.46244760  11.43652792  12.32636722
O  16.30218174  12.76452229  11.94386443
O  15.84944644  9.90922272  12.27056675
O  12.76088488  12.58175936  14.97975164
O  13.73555630  11.84603769  12.79823626
O  10.96012850  11.12605175  12.97409442
O  14.69379252  14.43235774  13.90704774
O  11.43189403  11.91080800  10.17219382
O  15.07635036  15.01105202  11.03062775
O  12.58777118  16.38112679  12.52690681
O  16.98057314  13.18613842  9.49175600
O  13.66088637  13.70643283  9.21451156
O  19.15099590  14.09190753  11.31478489
O  14.72362143  11.47180642  10.11741482
O  12.64798707  13.91064204  11.86554424
O  10.62829934  14.06655270  13.33980243
O  10.85203010  14.94333761  10.37164068

