Ti  10.93650908  15.36612801  11.32678585
Ti  11.46314481  12.93057139  9.94129853
Ti  10.22825569  13.41920938  13.30315211
Ti  16.45024075  14.21782356  11.61436783
Ti  13.93686264  15.72260063  11.99638111
Ti  14.69709745  12.92703838  9.87301961
Ti  11.61821653  10.00929085  11.38500435
Ti  14.42547737  10.26010852  11.44652136
Ti  16.06008930  11.95695734  13.32091688
Ti  13.19101129  12.84773915  13.45186729
O  17.36327343  13.23497728  12.88683444
O  13.54483393  14.67917747  13.40081124
O  9.79556196  15.19014819  12.68091387
O  10.82665009  11.28991542  10.14714842
O  14.93437172  11.10625066  9.92080072
O  14.01353919  14.60201867  10.64227666
O  11.70055128  12.77566066  14.38331624
O  15.85591814  15.84378017  12.12815614
O  10.62840154  9.25345957  12.43668359
O  13.25827514  8.99885101  11.03585825
O  15.88542539  10.28834678  12.66991102
O  14.67967336  12.27335483  14.44174679
O  12.30470965  16.55951053  11.58569445
O  10.55788555  14.54843044  9.71634091
O  13.03231726  12.86230958  9.02850966
O  16.38102033  13.72614254  9.82792442
O  9.12178657  12.29130353  12.89430318
O  15.09793075  12.82143501  11.92169368
O  11.61715892  13.57053553  11.79632716
O  12.99664945  11.25239334  12.20607140

