Ti  13.12609300  15.92730974  13.48897723
Ti  11.65086740  13.01813404  13.96280228
Ti  14.02250791  11.01801918  14.34703999
Ti  16.58064684  11.56118045  13.45642214
Ti  15.84386262  14.17315324  12.53232460
Ti  15.39007244  11.47888407  10.40300729
Ti  12.51786093  10.76213251  11.63053875
Ti  9.87580450  12.33271870  11.40574314
Ti  12.63663312  14.00411343  10.70546797
Ti  15.45608718  14.16469867  9.59460444
O  10.82519420  10.57946713  11.26970762
O  13.76380078  10.72590969  10.22139950
O  16.05483811  12.47647235  9.03153269
O  13.76681627  14.55360917  9.21764174
O  10.99669668  13.51294651  10.29636381
O  12.61663853  11.83651006  15.11330128
O  12.03266620  14.67362796  14.42777079
O  14.99808617  15.31651186  13.52204328
O  17.28051171  13.25150102  13.30741810
O  15.79740781  10.52245691  14.77137546
O  12.61120522  15.43738386  11.70253466
O  10.02179758  12.78181958  13.30340346
O  12.52435374  12.54537585  12.26263801
O  14.93120211  12.40622439  13.43136104
O  14.76010713  13.15330383  11.08401219
O  13.30979326  9.92887844  13.08420402
O  16.50474348  10.87563584  11.73365421
O  16.35377892  15.03784696  10.91512959
O  12.91169452  17.50428211  13.88170652
O  8.33660165  12.26446157  10.86332855

