Ti  15.46987454  12.19402488  13.04772894
Ti  16.86143253  12.35957343  10.15245215
Ti  13.62511684  9.90456372  12.99307164
Ti  13.62438121  10.92110914  10.32925033
Ti  15.18674051  15.00032882  10.63026116
Ti  10.38498679  12.35453068  10.15224265
Ti  13.61931357  17.24848123  12.32284476
Ti  13.62173841  14.30283537  13.68012869
Ti  12.05567374  14.99782051  10.63007493
Ti  11.77673550  12.19138593  13.04754271
O  15.18916535  10.43744923  13.71416147
O  14.99542343  13.33781485  14.43974399
O  12.06022372  10.43514995  13.71390541
O  16.94493963  12.15997978  12.09616133
O  13.62579797  9.30429346  11.26841064
O  18.14858621  11.72972600  9.35945586
O  15.17333578  11.51654567  9.71042178
O  12.07444581  11.51408961  9.71063129
O  16.57838024  14.26831996  9.84976529
O  14.89069217  13.99130833  12.11126890
O  9.09916814  11.72227945  9.35957226
O  13.62383631  11.68815597  12.16827729
O  12.24944291  13.33572459  14.43967416
O  10.30167041  12.15587765  12.09618460
O  13.62004920  16.19640140  13.76635127
O  15.02313198  16.80683554  11.36024327
O  12.21631252  16.80456238  11.36010360
O  10.66526006  14.26366914  9.84946267
O  12.35349303  13.98940097  12.11122234
O  13.62141147  14.79145964  9.70285636

