Ti  11.18893477  14.27275080  12.98079606
Ti  11.19803388  15.67935667  10.19855301
Ti  9.76301732  11.59675433  12.72956806
Ti  11.16205218  12.04549943  10.27339891
Ti  14.17697127  14.95195220  10.88374597
Ti  13.85847620  9.88219885  10.38223142
Ti  16.37154389  14.29776035  12.84350798
Ti  13.80382964  13.59850460  13.93079755
Ti  15.95295851  12.49953701  10.78366901
Ti  12.41099047  10.75242241  13.35177749
O  9.58049056  13.26196524  13.32925311
O  12.21018770  14.37953433  14.50760518
O  10.64138039  10.36472242  13.77625726
O  10.70240411  15.70291339  12.09215408
O  9.54458663  11.34793001  10.94068063
O  10.23300884  16.56857089  9.22136693
O  11.13107370  13.76545117  9.85414423
O  12.46027088  11.01839540  9.66267526
O  13.10607500  16.06023352  10.05420400
O  13.01871309  14.24130725  12.19166616
O  13.96559175  8.44469424  9.60872973
O  11.59515468  12.14354000  12.21708552
O  13.47652060  11.83574606  14.35671304
O  13.23921766  9.71024519  12.23021886
O  15.39687533  14.32375576  14.47114723
O  15.63482636  15.62139885  11.88799896
O  17.41783884  13.34918736  11.64580895
O  15.55682281  10.80978354  10.44829822
O  15.10013000  12.96426332  12.39892809
O  14.95314424  13.66248133  9.79367910

