Ti  17.54419471  11.68482280  11.79088655
Ti  14.52186974  10.35259572  11.30613067
Ti  15.19391691  12.84451934  13.63081867
Ti  11.48389124  10.22879558  11.83647237
Ti  10.75095072  12.61291628  10.43893950
Ti  13.65837211  13.07584220  9.96160841
Ti  14.31101889  15.39699294  12.22927878
Ti  16.20842671  14.35027039  10.34234660
Ti  12.48677191  12.09619079  13.74956807
Ti  11.53637497  14.95470038  12.34220621
O  14.10244392  11.45278669  12.76263753
O  19.07457718  11.11429774  11.98081959
O  12.93933659  9.26700095  11.37901141
O  16.27195673  10.21445413  11.42521006
O  17.57600135  13.28207387  10.61704003
O  16.83739892  12.25134854  13.51454420
O  14.26058899  11.35170871  9.82395528
O  10.17629404  10.82981215  10.68068103
O  10.20177266  14.19921384  11.20510647
O  12.07314677  12.04358847  11.63506038
O  12.89623387  14.44885199  11.22575444
O  11.96693035  12.94157254  9.14693285
O  11.47051357  10.54716064  13.65563867
O  14.87682189  14.69604470  13.78445277
O  15.72089137  15.95893350  11.18870124
O  14.94515343  13.93790894  9.03537253
O  15.06199983  13.48586011  11.56993442
O  13.82656430  12.38997413  14.91792261
O  11.61525323  13.75373712  13.68644563
O  12.72762535  16.33530121  12.69762943

