Ti  14.52183055  12.93484763  10.10787568
Ti  11.80087110  12.93423123  10.10803877
Ti  10.22635464  12.76867058  12.63170507
Ti  13.16145612  13.00966040  13.42438004
Ti  16.09661024  12.76926415  12.63163518
Ti  14.52293614  10.07926897  9.95640957
Ti  11.80142389  10.07867540  9.95622318
Ti  10.22777611  9.95781522  12.48054185
Ti  13.16208788  9.62833766  13.24441939
Ti  16.09637333  9.95838596  12.48068164
O  15.97225782  13.69251815  11.07263628
O  13.16116656  13.80349309  9.17149313
O  10.35033853  13.69183326  11.07261298
O  11.39435661  13.49574937  13.84136035
O  14.92847666  13.49604616  13.84129045
O  15.97286326  9.21626243  10.82795130
O  13.16237744  9.31865342  8.93051267
O  10.35162838  9.21555471  10.82792800
O  11.39454087  9.09896367  13.60252339
O  14.92974019  9.09926046  13.60261658
O  13.16206156  9.44369143  11.44425364
O  13.16148244  13.40185101  11.65776471
O  10.96036034  11.55102821  9.20380869
O  9.09020416  11.33592722  13.03871345
O  13.16177200  11.28421806  13.97414075
O  17.23336617  11.33697738  13.03878335
O  15.36315734  11.55191857  9.20383199
O  15.01100097  11.39658561  11.95405674
O  13.16177200  11.49856567  10.20111785
O  11.31254303  11.39656278  11.95403344
