Ti  12.08146579  13.82226080  12.53313720
Ti  16.56405236  12.23690295  13.16389912
Ti  12.08152463  10.65156956  12.53327454
Ti  14.67576810  9.69929759  12.68241615
Ti  19.03380651  12.23685400  11.01505592
Ti  16.47421531  10.45196200  10.33007109
Ti  16.47424473  14.02169705  10.33002531
Ti  14.13603979  12.23682953  9.91228688
Ti  10.76406159  12.23678058  10.06733373
Ti  14.67573869  14.77448384  12.68230171
O  18.29175363  12.23687847  12.86888895
O  13.02340171  15.27881354  13.28369765
O  15.71818974  10.72193147  13.77067387
O  10.88966874  10.66764879  11.23966099
O  11.96971368  12.23695189  13.45520135
O  15.71810149  13.75184995  13.77062809
O  13.02346054  9.19501683  13.28390365
O  13.73221430  10.92858747  11.61716140
O  15.16946007  10.85741792  9.16136022
O  18.20618192  10.71478515  10.11862691
O  20.66493441  12.23678058  10.96044390
O  15.86997729  9.09734226  11.42865153
O  15.16948949  13.61621666  9.16131444
O  18.20624076  13.75894732  10.11864980
O  9.49010510  12.23668268  9.04222545
O  10.88963932  13.80603474  11.23950077
O  12.52317935  12.23678058  9.25053390
O  16.12413320  12.23685400  11.26131354
O  15.87000671  15.37634126  11.42855997
O  13.73215546  13.54516948  11.61706985

