Ti  15.81606754  12.78608719  9.99128706
Ti  12.99054656  13.66692040  10.25092263
Ti  14.08483780  10.41225661  10.48578674
Ti  11.29266330  10.39437612  10.28956704
Ti  9.91446236  12.83154155  10.24876152
Ti  15.63131976  13.02589480  12.81035353
Ti  12.99364376  14.92871027  12.84806842
Ti  10.66702955  13.29347063  12.97448188
Ti  11.53217985  10.31942864  13.22458996
Ti  14.33460090  10.05250875  13.34979505
O  16.90060261  13.26317582  11.47783025
O  13.18373421  15.40025984  11.13340007
O  9.29293240  13.73232027  11.76460754
O  10.81992783  9.36593161  11.85721004
O  15.56498813  11.07565713  9.47208563
O  10.73217392  11.80375299  14.07065382
O  12.80807005  9.43383378  14.25125775
O  15.41805195  11.50641681  13.81826843
O  14.70401905  14.43476149  13.48427201
O  11.34485106  14.88017055  13.71890374
O  9.95088023  11.17402417  9.29408434
O  12.82897613  9.29931703  9.85358005
O  15.00666679  9.36187449  11.85156326
O  14.55313395  13.83629925  9.19567240
O  11.24801204  13.87820667  9.60519156
O  12.43986498  13.32556321  12.20394076
O  10.73687134  11.81342206  11.51942586
O  12.71414756  11.72380092  9.88843670
O  13.06854430  10.85732555  12.28315831
O  14.57576929  12.53507997  11.34934864

