Ti  12.58769696  9.65355270  11.45733879
Ti  14.66586865  13.15328787  9.47612899
Ti  11.73004150  12.06732302  10.25870423
Ti  12.35821587  11.29070667  13.75002955
Ti  10.76239387  14.02893584  12.70745920
Ti  15.29279569  12.34690190  14.24860531
Ti  14.13195304  15.01243604  12.64283211
Ti  16.34965604  14.84782605  10.91586215
Ti  17.96044604  12.08631745  12.72062442
Ti  15.70730742  10.55919582  11.23249889
O  12.87841081  12.95291925  9.11313821
O  13.77481866  11.41845545  14.87216675
O  9.46063084  14.90528544  13.16546019
O  14.33081775  9.23209199  11.24446509
O  12.74848964  11.55309535  11.81272780
O  10.52789510  13.10219337  10.99816276
O  11.16006660  12.56092746  13.92602144
O  12.36632354  15.11898524  12.55237818
O  11.96034470  9.55519767  13.16483670
O  15.42129943  11.55256912  9.68689242
O  11.53752685  10.22275896  10.05290473
O  14.72948268  14.09739595  14.07038324
O  15.22090389  11.67996707  12.56324128
O  17.04229489  12.14658340  14.45876923
O  14.65682548  13.85101973  11.21530497
O  15.49642295  16.10053088  11.96706543
O  19.58010913  12.10496105  12.92714332
O  15.94217473  14.43601291  9.13579965
O  17.42689896  13.73336957  11.72846080
O  17.41927322  10.50830179  11.64004519

