Ti  13.80402626  10.12708636  13.76824511
Ti  15.48866255  13.19241089  13.79985309
Ti  13.30615173  15.09430753  13.45953653
Ti  10.46630248  14.65921195  12.86964813
Ti  11.15790387  11.84037812  12.55132596
Ti  11.82193365  13.97055073  10.37154426
Ti  14.69838381  15.16307589  11.00430023
Ti  17.01184636  13.08837077  10.97555486
Ti  14.16135544  10.88981571  10.50503728
Ti  11.44020386  11.18354125  9.68368306
O  16.35012765  14.88743646  10.49759450
O  13.27860699  14.83670275  9.82049194
O  11.08521263  12.87782073  9.07289762
O  12.92294393  10.27226401  9.18389530
O  15.61692699  11.87685906  10.30978346
O  14.47399495  14.56433065  14.70827835
O  14.91395835  11.59658876  14.26106718
O  11.98327864  10.87368486  13.72170385
O  9.83269284  12.98726353  13.25767485
O  11.54774927  15.64177879  13.95951513
O  14.22931704  9.84552971  11.90983903
O  17.02751327  13.12763022  12.92036403
O  14.47797214  13.81217511  12.27064710
O  12.04376958  13.74152868  12.44016129
O  12.59692170  12.06016417  10.93464340
O  14.02967814  16.31618724  12.31551850
O  10.44966814  15.02296647  11.05499228
O  10.42521379  10.81170844  11.15430097
O  13.97821651  8.80209271  14.71433754
O  18.47316871  12.74205918  10.32972631

