Ti  9.97938894  12.58316524  10.57591760
Ti  11.87284495  14.50892621  11.54198981
Ti  14.61743270  14.34490590  11.59198931
Ti  15.63564095  11.63889097  10.35691394
Ti  12.73604765  11.54262139  10.25464888
Ti  10.22383870  11.26410702  13.13629647
Ti  11.97228784  13.21240231  14.20731402
Ti  14.81010170  13.52071616  14.30373119
Ti  15.44494061  10.55505166  12.91541662
Ti  12.48714251  9.66417018  12.98101050
O  16.63569097  10.52439021  11.49208777
O  12.37446301  9.95485062  11.21733419
O  8.96219092  11.62347404  11.77802546
O  11.38928151  14.70860739  13.31317092
O  15.63903429  14.68462004  13.16980004
O  13.11294116  13.41577765  10.47881818
O  12.36822030  11.27799703  13.74238203
O  10.64137454  9.47515278  13.33541729
O  10.25479319  12.43160654  14.51676512
O  13.29848674  13.62304415  15.42516247
O  15.61059243  11.87371584  14.20945825
O  14.31527031  9.19683544  13.32891151
O  11.07175844  11.72661474  9.39951611
O  10.31835997  14.40652434  10.53685854
O  13.39163513  15.66866801  11.40626992
O  15.88244792  13.42279653  10.48174213
O  14.24085003  11.18830304  9.22466406
O  14.39847182  11.50183796  11.72958540
O  11.29789454  12.45111165  11.88455461
O  13.56663805  13.42427419  12.95764329

