Ti  13.11010077  10.37684131  13.84371828
Ti  13.67756251  11.00519592  11.14071978
Ti  10.81378725  11.75658871  10.31796419
Ti  11.47439617  14.24075439  12.88659584
Ti  12.45176505  14.31058278  9.93197323
Ti  10.16235233  11.73840660  13.10067060
Ti  15.55928717  11.73916314  14.06266769
Ti  15.16569837  14.33211887  10.48669496
Ti  16.90607853  11.52599616  10.89894151
Ti  14.72707851  14.89447822  13.96867365
O  11.54359354  12.47050769  11.98109171
O  11.26431436  10.76751714  14.15475531
O  11.05371838  13.22480053  9.26851281
O  13.93695116  11.83607556  12.98650222
O  12.17351423  10.69037556  9.99657453
O  15.20829386  10.62914648  10.44687720
O  13.23902383  9.53534494  12.28549245
O  12.78673770  14.51747050  13.96884257
O  11.67443800  15.19454611  11.34335598
O  9.94025502  13.46152103  13.64945587
O  9.46686058  11.16038693  11.49058516
O  16.54945634  13.27969992  10.16308516
O  13.68459861  13.08254631  10.62668456
O  18.25065082  10.81449810  10.29330131
O  15.22699365  15.00452917  12.11258685
O  15.56697275  13.36359990  14.75841669
O  14.57618115  10.33354216  14.90733512
O  16.80337849  11.49462508  12.82298396
O  13.87687367  15.20407848  9.31482208
O  15.05818130  16.28368234  14.76975872

