Ti  12.11993530  10.53806382  12.74484058
Ti  15.07268509  10.07927533  14.04403484
Ti  16.07831628  12.67453679  14.34952020
Ti  13.76199848  14.87165984  13.55080352
Ti  10.69535908  13.66292236  13.05732903
Ti  12.68235312  10.39627106  9.95447508
Ti  15.28162331  10.70376044  11.29342644
Ti  17.48458579  13.33215620  11.37393763
Ti  14.71231587  15.32161920  10.96877986
Ti  12.67872552  13.33649552  10.43391907
O  17.41788304  13.13911940  13.31247971
O  13.96579058  13.86922794  11.95451301
O  11.17470779  13.80263325  11.17909132
O  13.26960168  11.45872598  11.44314175
O  15.04391742  11.68921132  13.10977924
O  11.58516031  9.61002734  11.23195490
O  15.75742879  9.36762769  12.51011558
O  19.01531837  13.45583922  10.81390950
O  14.32301026  16.28795704  12.50357450
O  9.16502019  14.12446995  13.40561104
O  13.24898907  9.79436043  14.00950573
O  16.05292311  11.02539647  15.27526511
O  14.95885173  14.07495661  14.71808198
O  12.05070166  14.70388136  13.94803419
O  11.04540793  11.76445956  13.35928854
O  14.40158003  9.85077153  9.85183608
O  16.55704632  11.73423485  10.71902740
O  16.39537932  14.82648582  10.81434719
O  13.51546263  14.77847744  9.65358549
O  12.30128692  11.96650107  9.15991648

