  ID   Compositions    Enthalpies    Volumes    fitness  SYMM
                       (eV/atom)    (A^3/atom)    ()         
   9  [    10 20  ]     -8.7076     41.0104   -261.2267     0
  11  [    10 20  ]     -8.7013     41.4438   -261.0399     0
   3  [    10 20  ]     -8.6992     36.0108   -260.9746     0
   7  [    10 20  ]     -8.6976     32.9540   -260.9269     0
   2  [    10 20  ]     -8.6955     24.6381   -260.8638     0
  19  [    10 20  ]     -8.6936     37.6105   -260.8066     0
   5  [    10 20  ]     -8.6920     40.0487   -260.7596     0
   8  [    10 20  ]     -8.6881     35.1251   -260.6422     0
  10  [    10 20  ]     -8.6880     35.1114   -260.6409     0
   6  [    10 20  ]     -8.6845     37.3875   -260.5358     0
  12  [    10 20  ]     -8.6845     40.0972   -260.5335     0
   4  [    10 20  ]     -8.6839     27.6622   -260.5159     0
   1  [    10 20  ]     -8.6837     36.7267   -260.5112     0
  16  [    10 20  ]     -8.6807     40.4856   -260.4216     0
  18  [    10 20  ]     -8.6784     35.4702   -260.3511     0
  14  [    10 20  ]     -8.6700     38.1363   -260.1006     0
  17  [    10 20  ]     -8.6618     37.6780   -259.8531     0
  15  [    10 20  ]     -8.6564     35.3481   -259.6925     0
