45
# EA1    30.410 25.595 23.806 90.00 90.00 90.00 Sym.group:    0
Ti  14.05058889  9.92152594  10.59528083
Ti  10.87776540  11.40839957  10.51986213
Ti  14.39260975  10.13038239  13.93115404
Ti  11.70987322  11.93130855  13.69801786
Ti  17.15207061  11.00366342  13.89715848
Ti  19.05771094  10.51927515  11.83354744
Ti  16.81509781  10.68495257  10.08068148
Ti  12.56381539  14.73528315  13.59317443
Ti  14.71437757  12.90128806  12.04185353
Ti  17.20987995  13.95306968  9.94039030
Ti  20.12056956  13.86730032  11.48456928
Ti  17.47459868  14.27764182  13.45616854
Ti  14.65170263  15.86758713  10.07791993
Ti  12.18317389  14.62847458  10.39580693
Ti  14.95701866  16.20170625  13.47226168
O  12.75561103  10.66480919  14.56571389
O  12.39865888  10.27248668  10.08984694
O  11.53559372  13.58938815  14.56795170
O  14.16864037  9.29938456  12.33536276
O  15.18889463  11.71664200  13.42026848
O  9.53942293  10.84704668  9.77160286
O  14.89750636  11.57602223  10.76697266
O  10.57856178  11.38871690  12.46522673
O  20.05990168  11.94106030  11.62347968
O  16.00914256  9.76951633  14.73093038
O  18.74759014  10.12636395  13.62833650
O  18.43619212  9.82254949  10.22109168
O  17.46264756  12.72493746  14.45496648
O  17.27185546  11.16795870  11.93924790
O  15.54110282  9.43634422  9.59584013
O  14.48499522  14.43062405  13.32118620
O  11.29611527  13.21275548  9.86444785
O  11.72443959  15.24071064  12.06051776
O  18.90185988  14.35491358  10.05608945
O  17.04995396  12.27722704  9.20551023
O  21.63665826  14.46190132  11.32497111
O  16.63671297  15.82177180  14.09665620
O  19.12421753  14.57820570  12.99277677
O  16.56217815  13.81994929  11.77560264
O  16.16551059  15.32322941  9.22681697
O  12.96428420  16.02553482  9.38677224
O  14.93755629  16.69569271  11.70149329
O  14.03453243  14.19955101  10.65098783
O  13.29915871  16.32425585  14.28315561
O  12.88381943  12.74958559  12.50255518
