45
# EA10   29.008 25.701 25.786 90.00 90.00 90.00 Sym.group:    0
Ti  13.20604543  16.02731682  14.20439323
Ti  11.28180698  13.71710282  11.37695414
Ti  11.08556860  14.13677024  14.18386773
Ti  10.42181004  11.30647603  14.16759689
Ti  16.12000412  15.15575326  14.28757823
Ti  13.79267201  15.19173430  11.21375579
Ti  14.51595477  12.79917512  13.45304650
Ti  16.38206140  11.98626065  15.83555155
Ti  12.95382182  11.56127318  10.72906006
Ti  18.80744018  14.41135697  12.83797774
Ti  16.67483805  14.23137467  10.96902274
Ti  18.33371231  11.77572017  13.72111571
Ti  13.11878970  9.80372794  13.46348975
Ti  15.77762398  11.26933845  10.11017500
Ti  16.21094385  10.00714931  12.64089685
O  13.14193799  14.17498724  14.06499518
O  14.95664265  16.37401983  14.89622632
O  13.37388509  16.49018718  12.45364035
O  11.55187045  15.91495318  14.86239535
O  17.94506459  15.39595239  14.15253798
O  11.36476955  12.24139192  10.21806280
O  10.32625805  14.72755320  12.56513816
O  8.95859400  10.90305148  13.57052662
O  10.32405345  12.94171144  15.24724846
O  11.59825407  9.69149280  14.33579768
O  11.31574622  12.51749499  12.94519511
O  15.71621427  11.03654113  16.99196746
O  12.19593265  15.04937789  10.39691313
O  15.51597280  13.63026002  15.11808737
O  13.57839072  11.49254940  14.13477156
O  18.23546258  11.90311875  15.51178501
O  15.42343763  14.60956109  12.61735441
O  16.17262443  11.47718035  13.97644673
O  17.45735491  13.18473765  12.61854056
O  16.81854314  12.76427351  9.88524544
O  12.69234469  10.05981013  11.71544438
O  13.34473216  13.28587007  11.66864315
O  18.05404723  10.10344999  13.04578553
O  16.44689404  9.74137794  10.77315378
O  19.79304129  12.97717846  13.34539077
O  14.11425349  11.26890154  9.34124235
O  15.31329467  15.21324582  10.17273136
O  18.27146138  15.08448510  11.16465963
O  15.10464091  11.60218876  11.81183171
O  14.88873517  9.02933888  13.38448205
