45
# EA11   30.516 27.290 25.079 90.00 90.00 90.00 Sym.group:    0
Ti  16.29055949  17.21930586  12.02376423
Ti  15.90196245  13.70208418  12.07718223
Ti  16.55767037  15.51440139  14.63209232
Ti  18.17327465  13.08708071  14.23995907
Ti  17.63343786  11.83002954  10.85987886
Ti  18.34056608  15.08450480  11.25291495
Ti  20.51364569  12.76230451  11.92201925
Ti  12.80957342  13.64529406  10.19255516
Ti  13.50696688  16.29715541  11.78656826
Ti  14.46402520  11.19570488  10.27361007
Ti  11.21893164  13.20854771  13.61353901
Ti  10.70643762  14.94450800  11.46332668
Ti  12.95962303  10.19294029  13.18546774
Ti  13.85360375  14.57549500  15.03052036
Ti  15.39587689  12.05074964  15.03924780
O  16.73735150  17.17010231  13.76496524
O  19.80871465  12.69345229  13.73988637
O  14.58285643  17.81152233  11.63807626
O  17.80146168  16.83915861  11.00746803
O  15.12720967  15.70267389  15.76329992
O  15.44650376  13.78881124  13.99052461
O  17.69798024  14.61962264  12.94147540
O  17.88413086  14.62857371  15.40524886
O  17.23681497  13.67992484  10.50468680
O  15.58733738  15.50400397  11.83665077
O  19.37220671  11.56621882  10.86291341
O  22.10926166  12.44279525  11.79271259
O  17.08765034  12.18340548  12.60446552
O  20.00044979  14.54263805  11.22876399
O  16.29428251  10.88378219  10.02949233
O  11.62724234  16.49255055  11.65803904
O  13.36897129  12.18411501  9.17696116
O  13.63754697  15.21680586  10.18307534
O  13.55182613  10.13655952  11.32153074
O  9.78825732  14.14608962  12.83634477
O  12.04058827  14.07841085  14.96388579
O  11.53550976  11.47373360  13.50479702
O  11.05917779  14.18893464  9.83656057
O  12.16356974  13.81883005  12.05403443
O  12.55857525  8.70706396  13.74151649
O  14.52298307  12.77491241  11.36200804
O  14.51547601  10.85179851  14.10729184
O  13.62833099  15.67614818  13.48669007
O  14.29072203  13.00521124  16.06163818
O  17.23205440  11.90305711  15.27707075
