45
# EA12   26.648 26.390 24.679 90.00 90.00 90.00 Sym.group:    0
Ti  16.66526865  12.59344128  10.41087411
Ti  15.67373218  10.23861521  11.56714432
Ti  12.66594633  10.02340293  11.45174435
Ti  11.27320121  12.38406125  10.11062688
Ti  15.03930234  15.39270512  10.04999007
Ti  12.62168440  15.83569142  14.14895956
Ti  10.39824869  16.13295091  12.47620291
Ti  10.17979036  12.91848967  13.58859349
Ti  12.45065909  13.25324966  15.54550653
Ti  13.83839443  13.01829750  12.45256023
Ti  15.52138695  16.29662308  12.66129696
Ti  16.97987209  13.66295789  13.58703870
Ti  14.40615158  10.67339415  14.47529272
Ti  9.71278838  10.74361853  11.81114764
Ti  11.87056402  15.19060879  10.21640196
O  15.04761644  12.03117117  11.18826914
O  16.84959120  15.59477507  13.55912651
O  13.37067296  15.86754442  9.42002863
O  9.61845532  11.38819975  10.14584411
O  13.83844773  9.19564716  14.87635451
O  10.67485243  12.74188629  15.33097018
O  9.60705007  14.56436877  13.03030047
O  11.10809169  16.84255764  14.08881633
O  12.75660201  15.04712514  15.83292057
O  12.44642209  13.69876943  13.70969436
O  12.43688219  10.96086286  9.89934819
O  14.21530033  9.12721731  11.16065310
O  17.00705281  10.75689281  10.38649106
O  16.02524277  14.02561235  9.33819238
O  12.67100940  13.54095589  10.90584029
O  10.36056876  16.29358820  10.65727132
O  14.14303161  16.77848218  13.77684648
O  15.12372244  13.06920424  13.70298161
O  13.62284071  11.94128607  15.74856704
O  8.91218311  11.62589650  13.24325734
O  13.31932273  11.14522496  12.85409093
O  17.53998134  13.21852013  11.78291463
O  14.75014750  14.78063666  11.81112296
O  12.11228584  15.62095417  12.19774742
O  11.03531666  12.06199495  12.06736717
O  10.97679818  13.92361413  9.17493943
O  15.84382483  16.80178474  10.87943354
O  17.92320276  13.06754166  14.78864461
O  15.97362606  10.32477929  13.29718141
O  10.96747147  9.38483868  11.87358603
