45
# EA13   28.135 25.622 25.222 90.00 90.00 90.00 Sym.group:    0
Ti  9.89046964  11.19391876  12.43165147
Ti  12.03612769  10.99316764  14.38776318
Ti  14.76000828  15.36997780  14.95726693
Ti  9.94783611  14.67274236  12.99578302
Ti  14.98224358  9.65332361  13.72695723
Ti  12.43049054  13.79353698  15.18085642
Ti  14.70835313  13.08315727  13.00657786
Ti  17.24634835  11.00928410  14.74018461
Ti  16.54661241  12.38830470  10.22619901
Ti  16.74245745  15.47607996  12.94965271
Ti  18.36875056  13.18992561  12.32110519
Ti  12.33024692  14.49364212  10.43364668
Ti  15.05635015  15.07526951  10.26988282
Ti  11.72999497  11.20437268  10.38464111
Ti  14.78738326  10.18644788  10.51125355
O  13.30567392  9.69406315  14.52017658
O  9.38325885  12.85311979  12.65176038
O  11.83727225  12.10694566  15.80413262
O  10.31929739  10.38258699  14.02048622
O  8.67328192  15.68830991  13.11931842
O  10.98122041  14.60638047  14.61374872
O  15.87782455  14.04773633  14.22162849
O  11.09831666  15.13322727  11.49108752
O  15.54637069  11.44824623  13.81387087
O  13.64880365  14.72729235  16.27686109
O  16.05217474  16.56149404  14.25108732
O  13.20132264  12.50855040  13.84761737
O  16.47168994  9.23375759  14.58310448
O  17.31392769  11.50056707  16.29807246
O  11.85086127  12.89291130  9.69059309
O  15.95662960  13.82479625  9.26616399
O  18.35229181  12.46096969  10.63156058
O  16.04055515  16.15220259  11.38112134
O  14.92797192  11.80613924  11.32790377
O  16.52815611  13.55555657  11.97637635
O  18.49375264  14.97508612  12.88811200
O  18.46367674  11.94601166  13.55721586
O  13.59067754  14.90600825  13.72952983
O  13.50613303  15.62615008  9.50569354
O  13.93130329  14.06720932  11.39181530
O  13.08743373  10.10504567  9.82822737
O  15.02036598  9.11417807  11.95940221
O  11.78451985  11.40545690  12.22463257
O  16.20593040  10.73253707  9.46856734
O  10.01434633  10.65725860  10.62275824
