45
# EA14   30.945 26.228 25.626 90.00 90.00 90.00 Sym.group:    0
Ti  15.45722948  14.95282453  12.30680050
Ti  17.82557436  15.10940740  14.19497403
Ti  15.30761234  14.84659998  15.73281478
Ti  10.45614906  12.36013223  13.16880725
Ti  12.83705745  16.14757542  11.60434111
Ti  12.31777613  15.09380157  14.16209590
Ti  12.61589640  13.29574765  10.87202745
Ti  15.81200931  9.60920469  12.15822106
Ti  15.19172482  12.07639464  10.09289512
Ti  13.39585502  11.01401791  13.31192835
Ti  20.21260979  14.92061620  12.07954930
Ti  17.64742631  9.79414033  14.23320799
Ti  16.06247489  12.13142158  15.02338512
Ti  19.10470031  12.15641714  13.08611221
Ti  17.76241644  13.26645066  10.37544719
O  14.62358198  16.42079547  11.50929434
O  16.99409299  15.75307577  12.66154095
O  19.43586941  15.63242565  13.74746752
O  11.89278301  16.56518219  13.13846608
O  8.87033119  11.98999866  13.31884736
O  15.52759750  14.10426080  14.05487679
O  13.52554383  15.35915314  15.53057453
O  11.05746451  12.66569177  11.33152691
O  11.06148730  13.87638945  14.24220271
O  13.30865314  14.52603786  12.56767298
O  12.22537556  15.09629326  10.31755810
O  16.02004985  13.57641654  11.19811806
O  16.83630648  15.84101921  15.61742098
O  15.78629435  13.26836532  16.46517969
O  13.84130252  12.08245337  11.85281062
O  13.61778968  12.66702941  9.40260807
O  14.17924849  9.39379177  12.84635553
O  11.67004379  10.95621077  13.64352854
O  15.61529449  10.31408987  10.48517764
O  19.26802590  10.46644998  13.86796089
O  18.38743545  11.93358162  11.38726342
O  16.56439629  10.99135667  13.22082799
O  16.65970565  12.52295743  9.06083436
O  20.51973493  13.13032585  12.79597485
O  21.59592620  15.64590699  11.60008719
O  17.95575829  13.17428446  14.20537818
O  16.91608166  10.63955667  15.69816845
O  18.92286985  14.59664441  10.61300003
O  17.02494475  8.51884238  13.04895453
O  14.34288353  11.65307010  14.75221099
