45
# EA15   27.555 28.016 25.044 90.00 90.00 90.00 Sym.group:    0
Ti  16.14829759  12.63180616  15.03352066
Ti  11.42750583  14.03112221  14.78278208
Ti  14.08811433  13.77183397  12.34900007
Ti  12.47154033  16.61568392  13.40852833
Ti  15.54305021  17.91876495  13.22069979
Ti  17.06392541  15.11130780  14.16344879
Ti  16.93703426  15.63736457  11.08621629
Ti  9.51573424  15.54849777  13.39512989
Ti  15.55219850  13.95788834  9.28471522
Ti  12.72940079  15.58234112  10.08183449
Ti  11.90219723  11.47614542  11.34737309
Ti  10.06705632  13.90807586  11.19205141
Ti  14.79526040  10.88405490  10.49898915
Ti  15.49064045  10.29605471  13.13900690
Ti  13.01622164  11.62009172  14.66560212
O  17.94938041  15.10640500  12.53089323
O  17.37805334  13.91639662  15.55007418
O  14.83521527  11.79239023  12.17286699
O  13.61830018  17.92327553  13.55663739
O  15.64111875  13.90678713  13.72625908
O  16.08541689  17.10890592  11.51869776
O  16.30304693  16.66235861  14.48273226
O  9.73198653  14.79803269  15.05150211
O  12.43775780  15.57065844  14.92027257
O  16.22531404  19.39352814  13.40662500
O  8.63388895  14.86639178  11.93297238
O  13.27873891  15.49778877  12.06039526
O  10.62851867  16.95352908  13.14298886
O  15.55137185  14.31103025  11.14421774
O  14.01197964  14.73796635  8.90269702
O  17.02358477  15.07875319  9.30367338
O  10.94526434  14.88087606  10.02741430
O  10.86844077  14.26844590  12.90251825
O  15.54594350  12.09322623  9.32037760
O  10.20946099  12.09916563  10.90457357
O  12.84347883  13.06218823  11.16610603
O  16.77236509  11.14925452  14.15122741
O  13.04644956  10.42924286  10.30349721
O  15.67933765  9.57122429  11.40174319
O  11.97009295  11.12644948  13.08090527
O  14.54781576  12.18551100  15.70960322
O  12.62020000  17.19001229  9.80439922
O  11.64866292  12.38957967  15.63730175
O  14.10448205  9.99460236  14.17597069
O  13.10550011  13.30533925  13.84764641
