45
# EA16   32.693 26.054 23.867 90.00 90.00 90.00 Sym.group:    0
Ti  14.99548147  11.07938159  10.49518299
Ti  16.99469592  12.94551188  12.31760762
Ti  20.26702342  12.07009160  12.75854760
Ti  15.32417230  9.79506709  13.33156671
Ti  13.08960423  12.01225133  13.70904474
Ti  18.11807711  9.77977329  13.00683440
Ti  18.43862751  11.03115532  9.98340621
Ti  13.54419405  15.13161349  13.24574153
Ti  16.30625633  16.27940411  12.50859012
Ti  12.95811482  13.11210227  10.46630411
Ti  10.67208868  13.81160476  12.67568191
Ti  18.49874910  13.77578027  9.28587377
Ti  19.40779798  15.28134683  12.19221121
Ti  22.54520335  14.49646481  13.06487857
Ti  15.31243568  14.59401164  10.00390784
O  14.88628837  9.55182531  11.62900138
O  11.34725510  12.30932103  13.71532172
O  21.92411039  12.76659786  13.14406876
O  19.50960256  10.67931974  13.75751831
O  16.67744747  10.73843666  9.65361414
O  13.68058735  11.51526794  9.44881273
O  18.01146673  12.71415080  10.73993750
O  16.78503863  8.76793335  13.80837855
O  16.70043033  11.21285713  13.01449566
O  13.52788047  11.90686219  11.92091677
O  20.18653437  11.49465909  11.13164018
O  14.01333206  10.46947941  14.35941630
O  18.41682158  9.53079959  11.29808756
O  15.89557259  16.23482542  10.78046340
O  13.88808692  14.20338139  9.07231324
O  15.65358238  12.89491467  10.94015647
O  11.78484480  15.29458235  13.28462062
O  9.06165396  14.06240225  12.83578071
O  13.80472094  14.56879120  11.50644513
O  14.77742220  16.57902712  13.44314421
O  18.17790447  16.52110869  12.69580166
O  11.28239309  13.39247125  10.82965297
O  13.89822161  13.57920152  14.19132210
O  16.87379889  14.36793956  8.89806139
O  18.94464270  13.52266396  12.87628275
O  21.09934289  15.62698151  12.70866589
O  19.41237493  14.97122398  10.37983453
O  19.02310481  12.13189210  8.59127695
O  23.47193889  14.94655068  14.33655186
O  16.39328388  14.46780521  12.96707223
