45
# EA17   27.449 26.125 25.705 90.00 90.00 90.00 Sym.group:    0
Ti  13.22457613  13.44846637  12.58388595
Ti  13.59335051  11.95998920  16.00316844
Ti  9.73188331  13.03971317  11.10427552
Ti  17.93610466  12.08366539  12.90961514
Ti  16.33883259  13.38061951  10.29632731
Ti  12.66239762  10.03953361  13.85485183
Ti  16.71345356  14.38040069  13.76421727
Ti  14.63950594  16.36235475  14.22296797
Ti  15.66738048  10.60281674  13.66466321
Ti  11.56008199  10.80823835  11.44277992
Ti  14.52907949  11.26709948  10.71078891
Ti  14.96444462  15.56647991  11.45534948
Ti  10.60519376  13.01941397  13.84968520
Ti  12.30773191  14.49812036  15.57084212
Ti  11.35259664  15.58552511  11.60993718
O  17.82370190  12.56630036  11.15316575
O  14.74883444  13.11440481  11.34260894
O  13.41419231  11.43427395  12.62187741
O  16.19579698  12.54840467  13.33569524
O  14.57335438  14.68990467  13.36232524
O  15.17890196  11.50209470  15.39864674
O  11.52379470  12.83640769  11.77542365
O  15.59241786  10.30807344  11.74265023
O  13.15287991  15.02030872  11.21986929
O  12.93866962  12.99825265  14.49947277
O  13.12982293  13.58844462  16.90229101
O  15.73644162  15.08496832  9.81870941
O  11.81546546  9.25021618  12.42778168
O  11.20643188  17.21285715  11.71635439
O  13.20445617  16.15081987  15.31806270
O  10.08380415  14.66464170  10.45268863
O  17.49423417  10.42370311  13.67574191
O  9.10467864  13.26828161  12.78831495
O  10.59100274  13.82262996  15.52968899
O  9.95852790  11.25231268  10.61596450
O  16.74290611  14.97391055  12.08261979
O  14.34915273  9.33164809  13.99049521
O  10.96740789  11.26344197  13.69514891
O  12.84668875  10.73234495  10.14153398
O  14.80798657  17.08147406  12.50168252
O  18.38420603  13.58233135  13.87682930
O  12.56157825  10.53839226  15.72278224
O  15.66858823  11.98825655  9.37260540
O  11.71837911  14.68964342  13.36646369
O  16.25665093  15.85343794  14.86352757
