45
# EA18   29.304 26.133 24.983 90.00 90.00 90.00 Sym.group:    0
Ti  15.44338289  12.94305412  12.99303675
Ti  16.33485728  15.38977721  10.69645186
Ti  17.48663563  10.19619094  14.48181336
Ti  19.09804109  12.34557022  12.66758000
Ti  14.50033415  11.10591460  10.26166843
Ti  14.96623222  9.66665342  13.19882374
Ti  18.54238606  14.96346593  13.26880182
Ti  17.26990614  12.88634502  9.88701967
Ti  15.90427005  16.43570724  13.73516407
Ti  13.11825873  14.36914415  10.94698385
Ti  13.43579264  14.98936396  14.22571010
Ti  10.28556676  13.86150627  14.55818714
Ti  11.33563228  11.24920307  10.66752126
Ti  10.26338393  13.79175670  11.13800575
Ti  12.33450440  11.55313247  13.46057321
O  12.80365518  11.08009498  9.54077687
O  18.11713209  15.47695765  11.66375318
O  19.04593928  10.78515541  13.54921377
O  16.00167525  11.23885431  13.53349931
O  18.66991537  12.22956484  10.84595160
O  20.05448159  13.83790797  13.13993823
O  16.26253598  8.75544017  14.00313437
O  15.99522845  11.66461680  9.34223501
O  17.22187753  14.58960403  9.23443230
O  17.51180743  10.54284816  16.07941699
O  16.33242508  13.61499157  11.32637942
O  17.63488259  13.27946711  13.37937766
O  17.63420861  16.22138867  14.33825963
O  9.78295126  12.19998203  10.32422648
O  9.08977439  14.03636368  15.65924876
O  15.49015145  14.61066741  13.75809869
O  15.84024167  16.75380084  11.96257778
O  13.71429414  12.93427335  13.88983535
O  13.44282550  10.15458685  14.04033442
O  14.24131955  12.50346716  11.44042794
O  11.49612815  14.79451464  10.18382063
O  14.31481300  16.59041592  14.66646453
O  11.03075754  12.04140562  14.49013278
O  9.68774383  14.26079580  12.73173698
O  11.81802830  12.79453900  11.72113969
O  11.51330007  10.32374721  12.13716071
O  11.87068688  14.84983867  15.02824692
O  14.83799963  9.68972906  11.33877111
O  14.53787207  15.11454210  10.12283653
O  13.01733710  15.28119367  12.46429133
