45
# EA19   28.849 25.530 24.925 90.00 90.00 90.00 Sym.group:    0
Ti  9.87378995  11.01304822  12.15018462
Ti  12.78229701  15.09058298  14.02802381
Ti  10.82660808  13.92374585  11.10556974
Ti  13.57930278  15.46834666  10.93807243
Ti  10.17909679  13.82989850  13.72824850
Ti  17.22766615  15.27743521  12.56541343
Ti  16.09598546  14.89390180  10.10292888
Ti  15.40543176  14.60370516  15.07867059
Ti  16.74909342  11.59757733  15.26483686
Ti  15.52258673  9.43885843  14.04375161
Ti  14.68227891  12.56842259  12.32894811
Ti  15.75626200  9.46152885  10.86384521
Ti  17.20744314  11.69972185  10.01324804
Ti  18.44246022  12.75200701  12.75703832
Ti  12.91102035  9.65088299  12.27446164
O  8.38043187  10.43982879  11.80626679
O  11.15854236  14.92126969  14.88051529
O  11.16863944  9.54794704  12.22625631
O  13.28865113  11.43788876  12.32059817
O  11.79690858  13.73007718  12.72849897
O  12.98262307  16.18616659  12.61536351
O  9.46174255  14.52954124  12.18859434
O  10.47635481  12.23441690  10.74315742
O  15.53513596  15.58570692  11.87957179
O  11.98973396  15.03306446  10.17099959
O  14.34466142  13.69303352  10.91805750
O  9.82091010  12.09344163  13.78839299
O  13.95474105  15.58777483  15.44871002
O  17.66166748  15.55399897  10.69365598
O  14.29005064  13.75907898  13.79497325
O  15.57413954  11.29619866  13.83420550
O  16.71505184  15.60990912  14.34816300
O  16.04636553  13.10584931  16.01832548
O  18.98375024  14.41463185  12.87590657
O  16.42590033  9.80161062  15.62246354
O  15.77083065  11.30551702  11.19091360
O  14.69465505  15.94812722  9.52743108
O  16.90199206  9.92726804  9.48670331
O  18.63390085  11.86540992  11.12675615
O  16.63470793  13.23607656  9.28254105
O  16.38176166  8.89818943  12.50374850
O  18.30932302  11.86234635  14.39335238
O  16.71444601  13.39293133  12.50162985
O  13.77097420  9.05769929  13.84444976
O  13.98803257  9.09469190  10.81339661
