45
# EA2    30.423 25.636 23.802 90.00 90.00 90.00 Sym.group:    0
Ti  16.77498846  10.04857505  10.21268724
Ti  19.57420185  12.03570439  10.42231070
Ti  16.60669066  9.81805246  13.56906654
Ti  18.27251028  12.08026047  13.60648315
Ti  13.66099248  10.65546576  13.86106842
Ti  11.58157769  10.94272173  11.91350061
Ti  14.00765795  10.88996200  10.03945691
Ti  17.35822003  14.85501720  13.80173025
Ti  15.60377940  12.94187454  11.88850860
Ti  13.08959530  14.04280449  9.82347834
Ti  10.13665654  13.33626505  11.35751170
Ti  13.07703077  13.61624028  13.43046799
Ti  15.38199868  16.06346624  10.32262828
Ti  17.92824819  14.96822758  10.88966128
Ti  14.74598391  15.97722536  13.68774288
O  18.11157475  10.35059759  14.39789679
O  18.31507149  10.72206915  9.68316606
O  18.30570133  13.60521662  14.71677103
O  16.83519478  9.21769904  11.84764071
O  16.31521178  11.60714054  13.23057952
O  21.09025103  11.73368185  9.89569335
O  15.87876923  11.65456790  10.60161051
O  19.47672785  11.82656256  12.35854880
O  9.95987084  11.41373947  11.35508390
O  14.97056351  9.46398802  14.35357762
O  11.99304329  10.03578249  13.49318604
O  12.35041751  10.21110989  10.40805335
O  13.50799725  12.31855089  14.64698382
O  13.85743118  11.30252873  12.11869691
O  15.15963993  9.65700454  9.32135316
O  15.32081884  14.21079987  13.47138348
O  19.07749214  13.90818770  10.09808102
O  18.29064214  15.77938919  12.55577146
O  11.33859242  14.11499661  10.04438391
O  13.62031747  12.42301926  9.12220255
O  8.89447156  14.25345886  11.90576499
O  13.02841546  15.29819380  14.08951919
O  11.54890382  12.87921915  12.67368614
O  13.77653750  13.81043607  11.57558484
O  13.95177164  15.59511469  9.26437138
O  17.10419136  16.43560436  9.93215788
O  14.88048220  16.65915384  12.01232616
O  16.04700618  14.35646595  10.61900971
O  16.27280268  16.21236251  14.61842152
O  17.42834411  13.49067314  12.30525631
