45
# EA20   29.169 27.725 25.375 90.00 90.00 90.00 Sym.group:    0
Ti  16.71803570  17.29816379  13.25082564
Ti  13.56187758  14.31867592  16.14585078
Ti  16.11894203  10.73272719  13.38716630
Ti  14.65587472  14.10826944  12.74421083
Ti  18.50186999  12.02782640  11.11446664
Ti  16.37480890  12.70739861  15.37870934
Ti  17.81159530  14.55639173  13.16442326
Ti  11.84621029  12.84649590  14.02821864
Ti  14.32069845  16.71662787  14.65021424
Ti  12.54774405  16.84433011  11.77957461
Ti  10.19809745  14.27304026  11.42782433
Ti  14.99942237  16.74313315  10.44068036
Ti  16.10257845  13.82261677  9.91828221
Ti  12.84473863  12.37746881  10.64236203
Ti  12.73168117  9.83149206  12.74266294
O  13.80222676  16.17013659  16.32187818
O  15.51911914  12.60207060  13.70257938
O  12.06243705  13.39725686  15.86114163
O  15.02546992  13.28718784  16.50503599
O  13.75019000  14.65661830  14.31551606
O  17.23055699  10.89943877  12.02436866
O  14.63166479  9.84943026  13.11478947
O  15.75730985  15.74552526  13.61206623
O  18.93604445  13.51847140  12.33658447
O  16.34566948  14.18393149  11.77929549
O  18.28543905  16.35595083  13.23344366
O  19.82615314  11.18342792  10.67324358
O  16.79597417  10.97695841  15.14908963
O  17.64583021  13.90193855  14.89254690
O  10.46569009  13.55484686  13.20408462
O  8.63291091  14.30991476  10.97718709
O  15.66122851  18.01449960  14.58563450
O  12.99848627  17.29414364  13.52985075
O  11.02759381  16.06572351  11.50719779
O  13.42498939  17.67278660  10.35295848
O  15.80444629  15.58932152  9.29887487
O  16.15750290  17.62152272  11.54937128
O  14.54835930  12.89063441  9.97626442
O  17.55922866  12.89404461  9.62273787
O  13.98330537  15.55843566  11.55579119
O  11.36209920  13.26944372  10.25615229
O  13.15859266  13.06058984  12.44468259
O  12.13074988  8.30893536  12.80503506
O  11.84483936  11.09814523  13.92778381
O  12.58496317  10.68082563  11.01022553
