45
# EA22   29.324 25.599 25.281 90.00 90.00 90.00 Sym.group:    0
Ti  19.91224503  13.17690121  12.49455317
Ti  15.22236914  10.31150270  14.61439940
Ti  17.84047143  11.33155344  11.25786244
Ti  14.82183759  9.82920055  11.22342916
Ti  17.58125048  11.72031851  14.01631708
Ti  11.55424607  10.65626387  12.60215085
Ti  12.86225622  11.33572600  9.84781707
Ti  12.28757158  11.34115289  15.26266531
Ti  12.38099669  14.63901319  15.25490392
Ti  14.76647456  15.79780803  14.30601676
Ti  14.28383682  12.86664687  12.70368099
Ti  14.82808352  16.04319566  11.26643283
Ti  12.35041214  14.44021490  10.00610398
Ti  10.84429149  14.05208979  12.35998022
Ti  17.20564401  14.83397169  12.37676708
O  21.52501574  13.39420724  12.65605082
O  16.87748319  10.49819287  15.30124474
O  18.94796655  14.86205329  12.29874865
O  17.18611447  12.79351183  12.20581419
O  15.46945011  12.07383439  13.92641639
O  15.23530087  9.40828371  13.04409518
O  18.07294922  10.44871089  12.80511001
O  19.44324278  12.02294449  10.93554974
O  12.75132490  9.50008008  12.23827552
O  16.42818642  10.22945937  10.52776060
O  14.22888432  11.66530724  11.23925532
O  19.06435206  12.63011633  14.22926240
O  13.74656914  10.37186406  15.75810510
O  11.35305660  11.08614021  10.67732542
O  12.83612886  11.82990587  13.53738605
O  13.80128705  14.20314680  14.09891145
O  11.02542360  10.37590863  14.45042417
O  12.08213018  13.04010259  16.06962264
O  10.28992814  12.47521954  12.64725289
O  13.59798627  16.00374831  15.72561849
O  15.13243355  14.31718830  11.85440259
O  13.76847390  9.75496477  9.66500720
O  13.55570159  15.85202575  9.95076298
O  10.65876084  14.74363443  10.58145831
O  12.77372816  12.99241251  8.96509136
O  14.27512770  16.79313058  12.87051302
O  11.13362782  14.98200806  14.01212037
O  12.62681674  13.76356861  11.73431589
O  16.52847326  15.29210881  14.07254294
O  16.62400967  16.18787863  11.16022563
