45
# EA3    26.291 25.701 25.389 90.00 90.00 90.00 Sym.group:    0
Ti  13.26372671  12.95040031  12.51394849
Ti  14.40036067  12.86134775  15.60439688
Ti  14.79929860  14.96769126  10.38240866
Ti  11.63689914  9.61549136  13.83099109
Ti  11.31851648  10.43708792  10.66785464
Ti  16.53867746  12.28390683  13.73573241
Ti  10.22426343  11.89721571  14.18061988
Ti  10.48138832  15.01158787  13.51411381
Ti  14.57595751  10.20305832  14.16825555
Ti  16.32679919  12.51621449  10.44174223
Ti  14.12186129  10.43050857  10.57325607
Ti  9.71274792  13.25721399  11.29747082
Ti  15.03362929  15.66335491  13.08651610
Ti  13.02434817  15.36759248  15.40758312
Ti  11.82261797  15.24047735  10.87875918
O  11.06722818  9.33021478  12.09533840
O  12.69479189  11.62645996  11.18621722
O  14.64988748  12.06660832  13.53419633
O  12.03042115  11.46369811  13.63661464
O  11.40585481  13.70604915  12.21631590
O  14.08029540  11.10252767  15.79945883
O  14.67880746  13.01280135  11.11830225
O  14.48267744  9.80947944  12.17376432
O  10.36686521  14.50741934  10.05862564
O  13.22631477  13.87621277  14.29395537
O  13.70925209  14.21489519  16.70251209
O  10.10924080  11.71065510  10.20489036
O  17.26130881  12.26658463  11.99873412
O  11.19644789  16.29517829  12.13903248
O  11.36665510  15.93506158  14.94761471
O  13.24508647  15.45353527  9.59804791
O  13.21637682  8.92144685  14.40287320
O  15.50999388  16.31340001  11.41446229
O  14.29364595  16.42391256  14.62433947
O  16.24942511  14.10754381  9.52845728
O  9.29369745  11.92862183  12.68486571
O  16.39883623  10.46471606  14.19059767
O  16.07140951  14.31445928  13.33928672
O  15.66432140  10.98404794  9.67921582
O  9.02900079  14.60752315  12.48228869
O  10.27169220  10.14435816  14.90077243
O  16.21995302  12.90365093  15.48397793
O  12.68303986  9.63021780  9.70709269
O  13.58040045  14.85008534  12.04732823
O  10.21090766  13.58893154  14.77459023
