45
# EA4    28.455 25.800 26.130 90.00 90.00 90.00 Sym.group:    0
Ti  14.24491336  12.97059170  13.03934324
Ti  16.28885626  16.02014324  12.26152201
Ti  13.78049470  16.29850338  14.44340373
Ti  14.68474665  12.05981301  10.02500179
Ti  14.20948653  14.91018574  9.93453862
Ti  16.58097819  12.67012065  15.87236641
Ti  17.60104314  10.89626815  11.58252564
Ti  17.80498214  13.92283157  13.29889571
Ti  15.88578719  10.29829309  14.50888631
Ti  9.83522676  12.61746210  12.37234070
Ti  12.61721432  10.49687850  11.31777324
Ti  13.79554754  14.33643722  16.40513750
Ti  12.88344193  9.65026532  14.36511729
Ti  11.72223879  12.11827664  15.05636877
Ti  11.83941764  15.02293333  12.11242240
O  12.47695823  13.50698128  13.06529065
O  15.23228319  16.89717505  13.49973335
O  14.28981579  13.64663866  11.24277922
O  14.18325076  11.40136190  11.93909999
O  14.54457593  9.07803903  14.88827243
O  12.54183627  15.46313916  10.42876749
O  14.56056780  13.53843193  8.80555202
O  16.33896601  11.48245244  10.22450678
O  15.61392543  15.97107094  10.56164017
O  16.80992939  9.93990022  13.07605634
O  15.99403109  14.28452688  12.83510866
O  18.04665285  15.64206469  12.60456085
O  17.89524230  13.69145389  15.16206592
O  13.32705978  11.46529520  14.23415213
O  16.84370581  10.87542146  16.00048337
O  18.28553494  12.52610301  12.36016397
O  10.20651128  12.45419739  14.23854202
O  15.69197827  12.23316566  14.27211948
O  13.58310041  16.16563150  16.28305665
O  8.30134478  12.14265798  12.04440518
O  15.35253521  13.51946866  16.96565900
O  11.18460469  11.49519782  11.48197617
O  14.18342149  14.48099666  14.59618771
O  12.51614115  9.16702449  12.66405959
O  13.35545815  10.78192093  9.65583263
O  12.30101922  13.31691000  16.37861523
O  18.77906336  9.96198533  10.93971977
O  12.28929565  16.27456064  13.44316121
O  10.18522673  14.50690023  11.99128224
O  11.55540547  10.30858744  15.45365416
