45
# EA5    29.615 27.872 23.900 90.00 90.00 90.00 Sym.group:    0
Ti  12.30437746  16.05727554  13.94697127
Ti  11.45215095  13.07492419  13.46001604
Ti  13.26111477  10.89381446  13.22706622
Ti  17.62803156  12.70829351  13.05986432
Ti  17.45946384  15.71291473  13.46854821
Ti  17.02578399  15.21483884  10.04150671
Ti  15.79185170  11.99518373  10.13337693
Ti  14.44858137  13.96435339  12.08067205
Ti  12.03594847  16.05164536  10.76418411
Ti  14.58646811  17.12700988  10.35313415
Ti  13.02298177  11.45708339  9.92456575
Ti  16.48886678  9.82692308  12.75466588
Ti  19.79933306  14.90949908  11.55777176
Ti  14.78003076  17.22776782  13.68132674
Ti  10.68296448  13.52645354  10.71301497
O  13.49314712  12.78276798  13.23528770
O  11.62335439  16.74181633  12.41696392
O  16.45534277  15.38786934  11.87131117
O  18.96324665  13.22891800  12.00295041
O  14.73928073  10.06472854  13.65501323
O  17.37674957  14.08749269  14.27396618
O  14.02885012  15.46822484  13.40585945
O  11.44960408  14.54741157  14.57507779
O  11.66866511  11.37491620  14.11407757
O  15.92269010  12.86939472  12.10653146
O  12.84552960  17.41721504  9.80564113
O  16.01242309  16.64877899  9.34755667
O  16.65210383  13.48977375  9.47649525
O  14.02722130  12.85994605  10.57762350
O  13.93319416  15.45913851  10.81186390
O  19.09458850  16.07603352  12.96240157
O  13.23455025  17.43993087  14.71113845
O  9.99187236  12.91800381  12.30215004
O  12.85805668  10.52219466  11.47132675
O  17.66961081  11.03560025  13.64700685
O  14.82084003  17.93006319  12.00701335
O  18.74545905  15.48762388  10.01999703
O  16.54110738  10.62069495  10.95380388
O  12.08605680  14.13233903  11.75891115
O  10.59820678  15.22674026  9.98034752
O  16.40878823  17.01814114  14.35945521
O  11.39546813  12.30977705  9.56482833
O  14.51447441  11.06311010  9.00665216
O  16.98598164  8.26716790  12.77048744
O  21.42977857  14.90038488  11.38351946
