45
# EA6    32.259 26.128 24.613 90.00 90.00 90.00 Sym.group:    0
Ti  16.12592645  10.29117795  14.85647836
Ti  15.67303943  13.81283627  13.84010761
Ti  13.45773510  11.61595419  14.02347474
Ti  13.27185754  11.97495515  10.57922479
Ti  16.12299086  11.13469956  12.09760304
Ti  18.76440707  12.06836334  10.39123041
Ti  21.51476263  12.32771148  12.05561320
Ti  18.94580060  11.41131842  13.77571990
Ti  16.57174870  14.59218711  10.95388444
Ti  15.03975892  16.86677434  11.88723541
Ti  17.39806832  16.41465261  13.86191476
Ti  19.34278241  14.63618694  12.88750924
Ti  15.98092131  11.92750641  8.93069280
Ti  10.72457370  12.39642855  12.43042053
Ti  12.99413802  14.73902739  12.39271336
O  18.71788929  13.23354877  13.86225934
O  13.77003649  13.57716024  13.94308856
O  15.99098618  12.07285738  14.40354925
O  14.24705340  10.40674281  15.18380714
O  16.11905524  9.63585749  13.21262284
O  16.19496116  13.06120740  12.15079181
O  20.49743624  11.87441398  10.46241132
O  18.12044876  11.19273021  12.04301133
O  20.96725935  14.16049760  12.36064257
O  20.65053845  11.18800101  13.44607750
O  15.99647025  10.74536380  10.39253490
O  14.08788647  11.28133081  12.24816099
O  17.97128218  10.46931976  15.09812916
O  23.13469102  12.17146507  11.86340999
O  16.05198835  13.61658763  9.45546736
O  18.41503985  13.81364624  10.85494003
O  16.48442303  15.13385006  14.81534997
O  15.92611292  16.26512113  10.40311851
O  13.44770248  13.76624975  10.91056549
O  15.17737670  15.13523485  12.48232942
O  17.72127332  15.58811430  12.27188796
O  13.21766207  16.58320539  12.06494154
O  17.83179337  11.67829599  8.82210008
O  14.11124213  11.70620087  8.93770751
O  16.16496009  17.65704676  13.12839703
O  11.56811973  11.66700862  10.81435313
O  11.32872415  14.22516481  12.69055572
O  11.73854513  11.47684785  13.83680946
O  19.17177635  16.06330720  14.15289008
O  9.08096705  12.22758836  12.51764913
