45
# EA7    27.581 26.334 26.020 90.00 90.00 90.00 Sym.group:    0
Ti  13.95769628  13.14566098  13.31465319
Ti  12.52948908  15.96846072  14.19953689
Ti  15.87865881  14.59782521  10.55558434
Ti  11.20264066  11.33009362  14.67018428
Ti  13.46896771  9.70905227  14.07232575
Ti  13.98279464  12.15778378  9.66835884
Ti  16.46659486  10.49250205  14.08278574
Ti  10.04403402  13.98894061  14.80790745
Ti  11.55363162  13.23300941  10.43232822
Ti  15.00526335  15.24897517  15.45176911
Ti  17.12792295  13.32507154  15.57697672
Ti  16.38514930  11.16658854  11.34570368
Ti  9.39638593  12.42588576  12.66405238
Ti  16.85641933  14.80356932  13.15608810
Ti  12.92430564  15.99800698  11.32676121
O  15.25632972  9.31931557  14.64749496
O  9.80857828  10.87931572  13.48373029
O  12.23531420  12.39915720  8.98689847
O  10.54464984  12.60108294  15.88846057
O  17.38704286  10.10858506  12.56046728
O  15.00231222  13.54177041  9.21785083
O  16.24120605  14.57636335  16.67670648
O  13.69747314  16.59464647  15.46803152
O  8.51871547  13.55593786  13.86120053
O  13.08562468  9.00439251  12.64084266
O  12.44873303  17.12616306  12.70084448
O  17.30534907  15.37800962  11.47213422
O  12.98136994  11.65923680  13.95372719
O  11.89701033  9.79900772  15.22141521
O  15.07749699  10.75960336  10.07010562
O  17.19320627  11.50723949  15.48905558
O  10.84100359  15.63362949  14.85570595
O  11.68389489  15.05426482  10.31937597
O  13.44522080  14.21127486  14.87313926
O  18.16895341  14.11755372  14.33153569
O  17.03792739  12.68329632  10.85832551
O  9.86313274  12.64816735  10.90609799
O  15.32514337  14.03244365  12.17943232
O  13.15664478  12.63773926  11.31232019
O  13.01283943  14.76662333  12.66772118
O  15.67922335  13.55306751  14.45385509
O  10.93439156  13.19427274  13.37522744
O  16.02690464  16.08006235  14.13128677
O  15.34116771  11.52788500  12.93999309
O  14.58716874  15.96361535  10.57905426
