45
# EA8    27.275 27.006 25.608 90.00 90.00 90.00 Sym.group:    0
Ti  13.79076305  10.87639335  15.69967477
Ti  14.43264297  15.81882140  14.95897695
Ti  13.64342578  12.90027328  12.87708955
Ti  11.77798102  15.89419401  13.29696514
Ti  9.16960403  13.80498755  13.06318591
Ti  11.03703983  11.65523457  14.32803679
Ti  10.97248091  11.55285637  11.25497566
Ti  14.03440686  18.04694461  13.28754124
Ti  13.18144898  11.74438002  9.46271945
Ti  13.34198714  14.70114105  10.28559468
Ti  16.65811216  13.79137673  11.86809235
Ti  15.34301383  16.46131140  11.33656407
Ti  16.21869143  11.06907823  10.92670137
Ti  15.73274028  10.48043739  13.73440810
Ti  15.95712823  13.34627060  15.14837679
O  10.96492585  10.58354473  12.78185185
O  11.94012838  10.93469842  15.78623122
O  13.85540380  11.26829847  13.83394802
O  10.08592075  15.49926426  13.43286900
O  11.99645039  13.11756026  13.63141105
O  9.85037749  12.87885785  11.44345360
O  9.49651712  12.48741182  14.47533640
O  14.56369732  17.70689022  14.99308736
O  12.64836735  15.59999511  14.97390665
O  7.56386779  14.05065740  12.89685925
O  15.18716689  18.24070972  11.83290639
O  12.18079926  15.10830433  11.60896079
O  12.26278664  17.72349866  13.08477381
O  15.43882943  12.04244072  12.26645687
O  13.18196719  13.46193554  8.87398196
O  11.55937528  10.92389618  9.55017219
O  14.72254446  14.19556940  11.43154569
O  14.44107081  16.21148268  13.02264779
O  14.83098818  10.94244902  9.68500050
O  16.91637514  15.58416983  11.29441262
O  12.77882166  12.30698747  11.21005850
O  14.93722266  9.54547686  15.18999047
O  17.40778121  12.46426803  10.76964496
O  16.47809995  9.73616333  12.14223045
O  17.06665806  13.88252060  13.57840163
O  14.75554670  12.29059508  16.24539012
O  14.21212801  16.23300614  9.88067440
O  15.78756218  14.97116995  15.97906259
O  16.75796439  11.55706925  14.63618286
O  14.51713961  13.93312908  14.12905940
