45
# EA9    30.489 26.162 24.674 90.00 90.00 90.00 Sym.group:    0
Ti  13.72900746  15.25014443  13.95084703
Ti  14.70620995  13.12041635  12.03674091
Ti  19.09573976  14.20741382  11.65607126
Ti  13.91319143  16.43747490  11.12980064
Ti  12.29648245  14.04018344  10.43054099
Ti  16.68497563  16.25248021  11.23789720
Ti  17.16621379  15.14256444  14.14959567
Ti  13.06294507  10.91243638  10.84338547
Ti  15.58721969  9.75336136  12.01946915
Ti  12.07869963  12.91247720  13.89291260
Ti  10.04648675  11.96306805  11.35386476
Ti  17.19761744  12.48113688  14.76748065
Ti  18.62291656  10.73652007  12.32123152
Ti  20.64464122  11.97887017  10.75167241
Ti  14.26756491  11.25011512  14.39295481
O  13.41765394  16.73486347  12.83765723
O  10.64309523  13.49770504  10.30110146
O  20.77522555  13.85259868  11.17285668
O  18.07820034  15.33098640  10.54643451
O  15.33803321  15.55841658  14.68963435
O  12.25736509  14.57282476  14.78250708
O  16.65637696  13.55316944  13.29395253
O  15.34141749  17.35695420  10.51877502
O  15.17799652  14.97174980  11.47730851
O  12.78570872  14.16628645  12.22083323
O  18.91744017  14.88313758  13.29703678
O  12.74213996  15.73663519  9.90005112
O  17.00440874  16.67181196  12.88863361
O  14.83258680  9.62022065  13.66255663
O  12.65231941  11.54661417  15.10043089
O  14.26451601  13.23911539  13.86194679
O  11.34431142  10.63896029  10.67831676
O  8.47743207  11.57445102  11.13051619
O  13.20956661  11.58023292  12.57288111
O  14.25466807  9.51970452  10.75127762
O  17.36741061  9.42091511  11.85884176
O  10.53242021  12.50230231  13.15187995
O  13.63918691  12.67131173  10.23300137
O  15.73408514  11.64119143  15.43056830
O  18.69200460  12.33828991  11.31843297
O  20.30264627  10.42186428  11.88526755
O  18.40287755  11.31021027  14.05235564
O  17.64388473  14.04321829  15.57362785
O  20.70110682  11.64825529  9.15178901
O  15.71615761  11.61243889  11.88891930
