  ID   Compositions    Enthalpies    Volumes    fitness  SYMM
                       (eV/atom)    (A^3/atom)    ()         
   1  [    15 30  ]     -8.7945     31.4298   -395.7532     0
   4  [    15 30  ]     -8.7754     38.0480   -394.8943     0
   2  [    15 30  ]     -8.7697     32.0187   -394.6368     0
  20  [    15 30  ]     -8.7693     42.9549   -394.6178     0
   5  [    15 30  ]     -8.7667     37.2575   -394.5036     0
  14  [    15 30  ]     -8.7624     42.2064   -394.3068     0
  13  [    15 30  ]     -8.7620     31.5219   -394.2893     0
   8  [    15 30  ]     -8.7616     36.4503   -394.2715     0
  19  [    15 30  ]     -8.7613     31.9642   -394.2565     0
  15  [    15 30  ]     -8.7573     36.2428   -394.0807     0
  11  [    15 30  ]     -8.7530     42.7989   -393.8843     0
  12  [    15 30  ]     -8.7490     29.1988   -393.7040     0
   7  [    15 30  ]     -8.7489     35.2073   -393.6994     0
   6  [    15 30  ]     -8.7444     41.1381   -393.5001     0
   9  [    15 30  ]     -8.7392     36.9017   -393.2627     0
  18  [    15 30  ]     -8.7375     35.4077   -393.1880     0
  22  [    15 30  ]     -8.7340     34.9880   -393.0287     0
  10  [    15 30  ]     -8.7339     36.0772   -393.0266     0
   3  [    15 30  ]     -8.7295     28.2068   -392.8279     0
  17  [    15 30  ]     -8.7269     33.2153   -392.7094     0
  16  [    15 30  ]     -8.7174     38.6443   -392.2819     0
