Ti  10.27867281  11.56438600  11.51149860
Ti  12.59865895  13.26573847  11.71969312
Ti  15.17429551  12.97241938  10.00827447
Ti  14.65819755  11.56445539  13.22337337
Ti  12.59868700  9.86305666  11.71980715
Ti  17.41988409  11.56440913  11.73351346
Ti  15.17432356  10.15623697  10.00834288
O  9.31063496  11.56436287  10.19906812
O  10.84818439  9.74486864  12.03637501
O  12.20004853  11.56438600  10.97446668
O  10.84815634  13.38390336  12.03632940
O  13.58754045  13.05300002  13.26332920
O  13.71223771  14.03014438  10.43209820
O  13.58754045  10.07593388  13.26342043
O  14.72805045  11.56436287  11.29304146
O  16.77468450  13.14715725  10.71705717
O  19.03780645  11.56443226  11.94234653
O  16.41495606  11.56445539  13.41603711
O  16.77468450  9.98156849  10.71719400
O  15.12090993  11.56429348  8.81377298
O  13.71226576  9.09853510  10.43225784

