Ti  15.59731277  11.10978506  11.76391454
Ti  13.89069335  11.49229511  9.55965874
Ti  13.13948810  10.39659138  12.99186417
Ti  9.30396085  12.63542583  11.40674611
Ti  11.14844486  10.56420543  10.65740217
Ti  11.75352435  13.16524480  12.83892281
Ti  14.56849151  14.12616111  11.26010099
O  11.84597803  9.52001390  12.04552810
O  12.40801785  11.75253925  13.91171024
O  14.94136591  10.02633693  13.15648218
O  15.86689708  12.81152452  12.03263799
O  15.53670538  10.71381076  9.95810760
O  9.99269740  13.51347785  12.99813751
O  15.31299093  15.55281435  10.98514999
O  9.38937723  10.77663582  10.70818419
O  11.28778831  12.35872003  11.17806673
O  12.29919483  10.62076974  9.19037864
O  13.01164399  14.33847063  12.38209066
O  8.71114562  13.68595063  10.30723974
O  13.69020707  11.41825389  11.49681666
O  14.02702810  13.23515248  9.57268623

