Ti  14.97563559  10.29825352  12.58063346
Ti  10.72253755  12.70235302  11.68948532
Ti  17.18929753  12.70207357  11.42772833
Ti  12.93628323  15.10624929  10.53662642
Ti  12.93592038  10.29827892  10.53669577
Ti  13.50900675  12.70227681  13.29491127
Ti  14.97591471  15.10614767  12.58063346
Ti  14.40280043  12.70217519  9.82239484
O  16.55195805  14.39334956  12.20248095
O  13.65970290  14.25687684  9.09676645
O  13.95573612  9.10114493  11.55868773
O  11.77029307  12.70235302  13.32630454
O  13.95612688  16.30330707  11.55864150
O  16.55173476  11.01079759  12.20238848
O  9.10831078  12.70253085  11.93494463
O  11.35984912  11.01095001  10.91494075
O  13.95601524  13.82698271  11.55864150
O  13.65922840  11.14765137  9.09681268
O  18.80374760  12.70204817  11.18233837
O  14.25241131  14.25687684  14.02051655
O  11.36018406  14.39355280  10.91468646
O  16.14151411  12.70204817  9.79093222
O  14.25235549  11.14770218  14.02053967
O  13.95579194  11.57746929  11.55866462

