Ti  10.26853199  10.67720311  11.32907794
Ti  16.80148758  13.21840651  11.60535640
Ti  15.73538472  10.23715267  11.46471405
Ti  14.78056218  11.75126692  13.59411686
Ti  13.86630225  13.18861419  10.39354432
Ti  11.45002481  11.74813848  13.61772101
Ti  12.96415774  10.42490688  10.37270062
Ti  10.64218837  13.87116644  11.45879547
O  14.40028769  11.67989048  11.66987596
O  15.63840805  10.15174641  13.29210543
O  15.46542986  13.95717433  10.42652930
O  15.90758902  13.08417260  13.39052232
O  12.00253029  11.34334310  11.83363119
O  13.30520391  11.80473909  9.26045172
O  10.87104690  13.36700716  13.33662346
O  13.13049113  11.72684106  14.41974732
O  12.48469165  14.15253304  10.90092820
O  14.45051061  9.33585065  10.46674291
O  16.98924978  11.34726568  10.94621822
O  9.72632729  15.20710430  11.25522433
O  18.21277294  14.03870615  11.63317140
O  10.07906190  10.54944265  13.17551171
O  11.31112455  9.66806634  10.12823746
O  9.74780946  12.24786982  10.75167700

