Ti  14.72012536  9.11290486  11.91797082
Ti  16.69547564  10.78196294  13.12123804
Ti  11.90771661  10.20677003  10.87795188
Ti  15.14678991  13.12060897  12.48390887
Ti  12.51106200  13.41543345  11.59515585
Ti  9.93454897  12.21993356  11.23991533
Ti  17.53403645  12.59027408  10.48518643
Ti  14.76757663  11.15537624  9.96262728
O  15.23429413  9.29138250  10.23687250
O  12.90620576  8.95703082  11.90489083
O  11.79382223  11.72651866  12.01867756
O  16.05068834  12.26863256  13.92279878
O  17.83461783  11.20759032  11.85584088
O  15.03635375  11.06202874  11.98209019
O  16.03189491  9.03906489  13.22365982
O  10.18424921  10.44207093  10.47821196
O  10.91146679  13.86568968  10.89976710
O  13.59793410  14.04598305  12.94442956
O  16.46295310  13.82218182  11.54955884
O  8.83225663  12.31823942  12.44160472
O  14.01666176  12.88002381  10.70057172
O  18.87848899  13.23662991  9.81776415
O  12.96281280  10.71578165  9.51047595
O  16.20044045  11.86202385  9.23408122
