Ti  10.50652008  13.09260404  12.90654393
Ti  10.22472685  12.93555383  10.15329590
Ti  10.33079798  10.13873214  11.81310196
Ti  12.99543640  13.64555117  10.27939188
Ti  13.48777721  13.84103704  13.20689314
Ti  15.75001921  11.55735067  10.24167808
Ti  15.62802713  12.01285665  13.44317349
Ti  13.83389728  10.15329036  12.32011433
O  11.83037726  13.87418538  13.97208192
O  9.39364774  13.76023042  11.57738486
O  10.03244079  11.45850923  13.25321986
O  9.95383910  11.19752340  10.16315265
O  9.31455736  8.86709618  11.94199068
O  11.69212985  12.71585253  11.42406548
O  13.52689801  14.79285067  11.64208737
O  11.53415486  13.82599595  9.16281001
O  15.09131854  10.29261962  13.74331148
O  14.35555941  12.77205743  9.61483581
O  16.54231189  12.13687924  11.95550851
O  12.13971709  9.63194642  12.20281902
O  15.01616339  13.65168349  14.17588193
O  14.69967328  10.03153722  10.79525186
O  13.88657276  12.11836156  12.52198993
O  16.87881252  11.21174363  9.11082740

