Ti  15.00444243  15.07626613  13.02341046
Ti  12.87289355  12.93756755  14.94361761
Ti  12.32843665  14.96928326  11.03711325
Ti  14.87227271  12.42978764  11.01344244
Ti  12.86445116  12.98486497  8.98043096
Ti  11.39897591  11.50415771  11.01136732
Ti  9.95602228  13.72604792  13.02203510
Ti  13.65448378  10.04516840  12.98895387
O  14.95824094  10.88688104  11.83670893
O  12.86772001  12.96755282  11.05284553
O  15.71687199  13.70896902  11.85982477
O  16.10236487  16.16011565  13.57341300
O  11.25162018  13.36272599  14.41137422
O  14.05024652  14.13236515  14.41583813
O  14.59817818  12.52031361  9.14195228
O  10.79210196  15.03868736  11.87640158
O  12.39854966  14.71633925  9.16241390
O  11.59245591  11.71869362  9.13966000
O  8.46547725  14.12072869  13.57476424
O  10.02433356  12.18962042  11.85219992
O  14.04821314  8.54753774  13.52201766
O  13.62542446  15.79484999  11.87538815
O  12.10471333  10.13183282  11.83825321
O  13.31943932  11.32642308  14.39778944

