Ti  14.44021557  13.62018352  11.63421503
Ti  11.66205152  13.01166530  11.45673457
Ti  10.39856032  10.64474437  11.43817647
Ti  17.08926288  13.03329955  10.22748328
Ti  18.69434106  10.98226642  12.06285918
Ti  13.61022147  10.18947451  11.26259529
Ti  15.75593179  11.40794860  13.15938913
Ti  16.44804596  10.33217242  9.89323146
O  11.99003639  9.51760714  11.22163474
O  15.80101643  14.30540709  10.57855410
O  8.89073278  10.04795919  11.67755541
O  15.05337261  13.09906023  13.29256813
O  12.89975478  14.50593544  11.70393950
O  10.63791020  12.20426506  10.25546918
O  11.09400863  11.95940158  12.73946340
O  13.36432133  12.10381538  11.03465784
O  18.52878482  12.75374707  11.19552525
O  20.22456339  10.57548232  12.45962733
O  17.82483888  9.73081924  10.79823080
O  17.43669198  11.03594625  13.54512768
O  16.02729531  11.71525691  11.23392291
O  14.50380026  10.10581282  12.88408389
O  14.77295086  9.57462601  9.96899704
O  16.91910376  11.79710995  8.87180348
