Ti  14.82768405  13.38075659  12.10073938
Ti  17.40835025  11.81508970  13.02939497
Ti  11.71866790  13.28597406  11.66544521
Ti  12.12178553  9.90451975  11.43100576
Ti  15.11757985  9.65130444  12.29697302
Ti  16.40306417  10.85733354  10.10460832
Ti  13.84602881  12.06742739  9.69358662
Ti  9.79526234  11.28676489  12.36827341
O  14.84705130  11.41635182  11.40764351
O  16.31244212  13.38096444  13.09579420
O  18.80463200  11.89497585  13.87552414
O  14.86268444  13.64842946  10.35636524
O  9.94072577  13.16336187  11.90770319
O  13.16622412  13.95342410  12.64722017
O  13.40860745  9.03339352  12.47539905
O  10.35813894  9.65130444  11.44724965
O  15.32159092  11.50034890  8.74124203
O  12.88845027  10.46640182  9.87443990
O  16.06760654  9.20342006  10.77959320
O  16.19013580  10.31450497  13.52186950
O  17.63986561  11.63023607  11.06670858
O  12.26362631  13.09869543  9.95787654
O  9.24060637  11.02091654  13.88028528
O  11.84788513  11.51598433  12.34213382

