Ti  10.91055577  9.92212824  11.73800673
Ti  13.37849993  13.46478298  9.59485595
Ti  13.78947681  10.19816621  10.28915243
Ti  16.11425927  10.85808978  11.74471524
Ti  15.43354255  14.23941408  11.36352879
Ti  10.74168825  13.81782347  11.19019097
Ti  13.17773081  14.54200972  13.09637680
Ti  12.64671429  11.60474224  13.00022145
O  16.41094409  12.79216857  11.61430268
O  16.95656679  10.10553290  12.92469881
O  12.27612851  9.25240479  10.57328445
O  13.53502865  11.70396597  9.24064187
O  14.13504225  10.90760365  12.05054042
O  14.92997195  14.49724879  9.61523507
O  15.52516076  9.73561212  10.28421902
O  9.38724152  9.34035867  11.63588057
O  11.72779022  14.08227309  9.55322168
O  14.85522731  15.28905417  12.78080006
O  13.64626239  13.45522810  11.52969704
O  11.60875246  15.02823050  12.45332782
O  11.29477223  11.94215193  11.70895956
O  9.12931318  14.00512358  11.04371025
O  11.78589857  10.16006920  13.49164881
O  12.98286744  13.05201225  14.12250259

