Ti  14.23680062  14.26194234  12.29851142
Ti  15.67765885  12.17443406  13.61983206
Ti  16.04812234  10.21812981  11.14274890
Ti  11.04337421  11.86295110  9.86480954
Ti  13.95852486  12.36833049  10.12835971
Ti  10.06601031  10.45188927  12.54109200
Ti  13.30309350  10.63631470  12.86336648
Ti  11.12109751  13.41216709  12.16628716
O  15.41945941  11.46832593  9.78570667
O  14.28380345  9.65507625  11.77041816
O  16.80448860  11.24900857  12.64608180
O  16.99626755  9.00697214  10.59101461
O  15.57240306  14.07070816  13.54292780
O  10.41637114  13.49055025  10.47462983
O  14.25966971  14.18692822  10.46212373
O  12.62376552  11.92119071  8.91079954
O  12.53020775  14.46552181  12.86305915
O  11.74833771  9.86261376  13.23183553
O  10.14974070  10.51057652  10.55794081
O  10.13546069  12.36653995  13.14320532
O  8.78217950  9.62814750  13.12601829
O  14.39166758  11.11160833  14.34480780
O  12.20896023  11.97149070  11.43365173
O  14.38508086  12.36510281  12.18307229

