Ti  11.55664307  9.43587787  11.17130231
Ti  14.54558580  10.29101806  10.40285214
Ti  13.68122274  13.50132690  10.40287516
Ti  15.41819111  12.21963969  13.17778550
Ti  16.67010902  14.35627675  11.17127929
Ti  17.57681238  11.01496791  11.17857660
Ti  10.65036311  12.77709154  11.17862264
Ti  12.80867389  11.57261010  13.17778550
O  14.11346073  11.89618438  9.63734852
O  10.84577770  10.90523816  10.55904214
O  12.01479331  9.82292980  12.82304891
O  16.27583617  9.93982101  10.22573706
O  14.42491596  10.75744086  12.16525538
O  13.07451451  9.09072405  10.28004100
O  19.12457607  10.47569332  11.11218722
O  15.15226581  14.70169229  10.28011006
O  13.80197727  13.03485652  12.16527840
O  11.95102883  13.85245258  10.22571404
O  17.38083326  12.88679750  10.55904214
O  14.11346073  11.89608921  14.45990163
O  16.90636788  11.26333496  12.97479606
O  16.21212814  13.96929620  12.82307193
O  11.32052534  12.52884346  12.97493418
O  9.10237361  13.31648510  11.11218722

