Ti  14.99917703  11.91969748  9.82187959
Ti  12.97944287  13.98545556  13.14396418
Ti  16.02401716  14.17344846  11.84283629
Ti  12.13597442  12.05580540  9.96134818
Ti  10.54979956  13.58141146  11.77659927
Ti  10.64701005  10.22276037  12.09280945
Ti  13.72352147  10.86870197  13.02193503
Ti  16.75803301  10.76562926  12.08471172
O  16.36806103  10.83191605  10.15966022
O  12.43659240  13.24088921  11.56047224
O  14.61025437  14.84968436  12.72865666
O  11.28311586  14.65541620  13.20846429
O  16.64505575  12.72304918  12.54524913
O  15.52160604  13.71073923  10.21085191
O  10.66183512  13.27601616  9.95944698
O  11.34785110  10.53123319  10.30947981
O  13.51387184  11.99358189  8.70669418
O  10.03024947  12.06520625  12.46309832
O  12.26913099  9.85970974  13.06538107
O  9.48696851  9.07030303  12.19812678
O  13.89518017  11.40243448  11.17800158
O  13.41582728  12.46723072  13.99007051
O  15.33108640  10.10656013  13.18377211
O  18.23540100  10.16015217  12.44638650

