Ti  15.40431769  11.64615818  14.34595983
Ti  14.48481920  11.74589721  11.24577317
Ti  12.91287837  9.30917114  10.75800305
Ti  12.91277507  9.39575829  13.65073504
Ti  12.91215528  13.93699661  13.79392757
Ti  12.91218110  14.20892704  10.91343599
Ti  10.42048354  11.64559653  14.34583338
Ti  11.34021445  11.74547597  11.24569730
O  12.91298167  8.15517512  12.17601884
O  11.46303806  10.00947393  14.44896640
O  14.36225384  10.00973135  14.44896640
O  16.75204602  11.62350511  15.27099575
O  15.75657044  11.70627774  12.41728638
O  14.40837726  10.19477042  10.17830342
O  11.41722454  10.19441939  10.17817697
O  11.46352873  13.26987776  14.54957041
O  14.36083347  13.27018198  14.54957041
O  11.41657892  13.36236219  10.27890743
O  12.91267177  10.61776032  12.12326370
O  14.40817066  13.36280683  10.27903388
O  12.91200033  15.27006420  12.40297218
O  12.91233605  12.81475700  12.19192631
O  10.06838573  11.70552888  12.41713464
O  9.07291015  11.62252223  15.27071755

