Ti  15.87060430  11.97933829  10.52356002
Ti  13.21391368  12.42631615  9.71965330
Ti  11.75376458  10.97070327  13.32739904
Ti  10.40109704  13.30569184  12.80802701
Ti  12.16919180  15.62630151  11.57453009
Ti  10.26798094  11.08460331  10.41830902
Ti  14.85044672  10.96079891  12.96278868
Ti  14.11173389  13.67009154  12.28380190
O  14.06813480  11.64495331  11.30019153
O  11.76484909  11.58688465  9.24556883
O  12.08502594  17.09222095  10.85221565
O  12.24410783  12.72638783  12.68868343
O  14.87934291  12.08986985  8.95636774
O  15.78447635  13.57828775  11.24216466
O  11.13275146  10.17538887  11.88997978
O  10.36358806  11.88082267  14.08916802
O  13.69707112  15.29355049  12.74848355
O  13.43203655  10.15055257  13.73715698
O  9.70121823  12.69438722  11.30656119
O  13.00707919  14.08270581  10.50643427
O  9.06282663  10.23672546  9.70248090
O  16.34260077  10.73571373  11.83085629
O  14.89407130  12.58511256  13.65428144
O  10.68177734  15.07796745  12.61628400

