Ti  12.82907990  10.15580271  12.56420493
Ti  10.77630513  13.00742959  11.25038962
Ti  15.07072908  9.88511348  10.09618850
Ti  17.33123492  12.31023296  11.66189567
Ti  14.72568565  12.64219340  13.60969409
Ti  15.19659872  14.56424138  10.61116794
Ti  13.17370366  12.46938866  9.95342582
Ti  13.22062151  14.89124533  12.66111851
O  13.90013296  10.91504267  9.20781014
O  9.18658183  12.63937891  11.37449278
O  13.82392293  11.15145988  13.85542020
O  11.54601523  14.48536092  12.26284796
O  14.16748356  9.25850327  11.44604796
O  12.14685466  11.61789319  11.47469785
O  11.67619338  9.18619826  13.20210537
O  16.36562811  10.90007357  10.68671000
O  14.16339888  13.32735995  11.77927677
O  13.93062816  14.23173298  14.19789764
O  16.85058577  14.00966220  10.86985141
O  16.46223356  12.42328581  13.37182583
O  18.94219295  12.02370288  11.72434130
O  14.28543565  15.89656641  11.55631295
O  14.34757312  13.78525017  9.25215257
O  11.60823664  13.10683341  9.48436502

