Ti  16.07795437  13.57455395  12.25284249
Ti  13.32007789  9.49408775  13.76917485
Ti  14.53477906  10.81344090  11.58481136
Ti  13.74829388  13.23022458  13.70403135
Ti  10.47968603  13.81286517  13.18753125
Ti  12.56221677  13.67576189  10.74278844
Ti  12.35664395  11.16316062  9.45814500
Ti  10.83610767  10.71651140  11.88709472
O  17.11086672  14.66139716  11.59646759
O  16.04350141  11.76443777  11.60622573
O  15.40500264  13.80858673  14.06075102
O  13.80707730  11.39146465  13.47180707
O  14.59848061  9.22118648  12.34270986
O  13.56783217  8.82077819  15.24146174
O  14.08257090  13.83708546  11.83978842
O  12.14079249  13.84583570  14.18149889
O  9.29043426  14.74111624  13.81395036
O  9.95594374  12.00768007  12.70853064
O  12.43559432  12.96832154  9.04823008
O  13.94720510  10.44914550  9.77471272
O  10.83938643  10.32603778  10.02968978
O  11.14155245  14.39507066  11.40651236
O  11.55472780  9.53786314  12.98725819
O  12.42575805  11.80673868  11.31812940

