Ti  13.60803318  14.02124116  10.99065055
Ti  15.58831147  12.35274328  9.69466320
Ti  16.66300396  10.64118020  12.07667102
Ti  11.69475387  12.01763111  13.46327420
Ti  14.80620977  12.83819257  13.30769073
Ti  10.40734366  10.16525882  11.24655206
Ti  13.65226109  10.53409789  10.82462212
Ti  10.72874025  13.33530288  11.23297361
O  16.34788349  12.01805773  13.46640769
O  14.92937201  9.73884938  11.76724489
O  17.03766716  11.69024555  10.44010835
O  17.85780110  9.59301550  12.44386937
O  14.83587385  14.07975958  9.63658922
O  10.53275887  13.39315766  13.06397500
O  14.27225639  14.51754563  12.61407578
O  13.41720144  12.09153165  14.20616614
O  11.91825364  14.56482965  10.48476635
O  12.13191010  9.63835602  10.61226449
O  10.89773966  10.50522975  13.15092349
O  9.91018875  11.95219192  10.51784206
O  9.24854037  9.03314424  11.03567993
O  14.40732717  11.08102826  9.19764560
O  12.31375679  12.29249466  11.63575446
O  14.64533714  12.32003553  11.42177206

