Ti  12.87624630  12.95202251  10.87681607
Ti  17.41651887  12.91155883  12.02748668
Ti  15.82886394  12.82510631  9.72385057
Ti  17.15774422  10.06747050  10.57718546
Ti  14.21265437  9.93732742  12.27681152
Ti  9.80267472  11.94193947  10.84493757
Ti  11.44078844  9.98076261  11.66023639
Ti  14.86754328  12.75894366  13.26490861
O  8.19911522  12.27342593  10.76575257
O  18.16321279  8.94660566  9.94711366
O  14.07622036  13.34830193  9.53603328
O  18.11017870  11.32588400  11.79243105
O  16.37853368  11.25347653  9.19504924
O  15.61002050  12.24508046  11.57528008
O  13.04525354  11.05858691  11.18017303
O  17.23706895  13.81041898  10.43310738
O  15.65847000  9.28203866  11.49061916
O  11.20304065  13.26249943  10.46146402
O  12.79672347  8.84587593  12.43472710
O  10.47542089  10.21516409  10.18737256
O  14.50204955  11.07028726  13.75742344
O  16.55161611  13.41841112  13.60834659
O  10.52287989  11.20314649  12.52863575
O  13.46644155  13.64524452  12.51420749

