Ti  15.32850096  12.48853457  9.88550643
Ti  9.94096526  13.61053570  11.91350377
Ti  10.36116785  10.57241956  11.16682230
Ti  12.46809259  12.32223931  10.13321165
Ti  15.54754740  13.28840761  12.95094172
Ti  15.22510897  10.44171100  11.76357317
Ti  12.19640788  12.45738721  13.82584987
Ti  12.26864028  9.68707124  13.07203677
O  14.06611191  11.81454682  11.17730579
O  15.89234225  13.69277147  11.03926124
O  16.11608716  10.82035068  10.17550220
O  13.77648527  12.83163555  8.92195214
O  11.48200927  13.66603944  10.69934407
O  9.19669785  11.81490676  11.56101116
O  8.87333005  14.83507357  11.72675020
O  11.31898295  10.93502963  9.65144639
O  15.96940220  11.36108626  13.03849435
O  11.86434018  11.35842266  12.16796026
O  16.52539551  14.14126476  13.94190523
O  13.88235556  9.25062415  12.37330361
O  12.27555890  10.70368004  14.56841877
O  13.71654115  13.31307594  13.60885820
O  10.75426392  13.46523731  13.66241672
O  10.74236287  9.08514476  12.23975199

