Ti  14.48794785  12.94363742  13.41743314
Ti  14.99641484  14.93727278  11.46110921
Ti  15.17411483  12.60762521  9.83596070
Ti  15.08492740  10.26095922  11.90528721
Ti  11.14562552  13.20537139  13.07227969
Ti  9.32174775  11.23402204  11.23376401
Ti  12.35809178  11.65788672  10.34737188
Ti  11.63561130  15.26186342  11.21498031
O  13.20791614  10.56187098  11.44019992
O  13.56619731  12.20632511  9.04353329
O  12.74373138  12.88050218  13.95460549
O  14.30339528  13.12856064  11.49990114
O  15.36188604  14.58462203  13.23812155
O  15.33579949  11.40592820  13.46313322
O  15.88984655  14.32737059  9.96127781
O  16.00878043  11.19264098  10.44752853
O  15.50124789  8.69210024  12.10044827
O  10.79868745  14.94403456  12.92166350
O  8.23262802  10.02500611  11.32851428
O  9.78442702  12.00296529  12.88039942
O  10.71848106  10.94670982  10.02097903
O  11.69463697  13.25523634  11.25171596
O  13.48978061  15.81663307  11.16948816
O  10.63923507  15.82098897  10.04059448

