Ti  13.56825114  12.03875859  9.99445820
Ti  13.56814259  15.94415578  11.43654344
Ti  12.16944865  10.79949550  13.01644752
Ti  11.75933551  13.78037651  12.13790091
Ti  10.48986534  11.29826403  10.32536045
Ti  16.64655552  11.29836365  10.32531477
Ti  14.96716217  10.79952040  13.01647036
Ti  15.37697680  13.78042632  12.13792375
O  13.56830541  11.17615577  11.71110781
O  13.56816973  13.79342663  11.17789617
O  13.56816973  16.65162658  9.96189322
O  11.89686303  15.55925202  12.28122338
O  11.89414939  12.54009232  13.50766266
O  9.09494337  10.92917482  9.55878166
O  12.12706152  11.39215514  9.25311385
O  10.93490309  10.21463106  11.89304695
O  10.63165328  13.13932683  10.95544491
O  18.04155891  10.92947367  9.55873599
O  16.50460477  13.13945136  10.95535357
O  13.56830541  9.94740250  13.89947010
O  15.24240716  12.54011722  13.50768549
O  16.20170773  10.21465596  11.89304695
O  15.23942215  15.55927692  12.28124621
O  15.00941362  11.39213024  9.25302250

