Ti  16.90132286  12.04294373  12.10032994
Ti  9.93533101  10.66577051  11.55604491
Ti  11.38912122  13.41619179  12.12598087
Ti  12.06680025  12.20420039  9.69988807
Ti  12.87746084  10.14342249  12.57196044
Ti  15.12806500  12.69224391  10.03358126
Ti  14.14288290  12.77834192  12.89287438
Ti  15.78458419  9.45217653  11.45642224
O  12.56318232  11.89076835  11.57806773
O  11.39081509  13.79131152  10.32008599
O  11.18177107  9.63278027  12.60392011
O  16.07762223  9.12678321  9.87817359
O  14.41201867  13.82526763  11.11293085
O  13.64889375  11.24177010  13.81889611
O  15.14169655  11.38456226  11.45570586
O  13.74288961  12.13591657  8.90343821
O  14.05074221  8.90328144  12.01106007
O  12.72428736  13.88098630  13.32424910
O  10.01012978  12.40912153  12.49609376
O  10.82326395  10.95616256  9.79167680
O  8.43134334  10.03391289  11.46067428
O  16.98061171  12.79529674  10.43232614
O  15.94039256  12.98834951  13.35186429
O  17.29499778  10.31791785  12.33107277

