Ti  10.23438715  13.34343218  11.80214694
Ti  10.74472372  10.18316289  12.11431599
Ti  13.48587009  9.99727021  10.20036675
Ti  13.50568276  12.81496619  10.38718339
Ti  12.12525450  12.81473175  14.34698881
Ti  12.14496465  9.99701232  14.53353338
Ti  15.39667827  13.34336185  12.93219841
Ti  14.88608539  10.18304567  12.61963361
O  13.62858286  11.41632835  9.08668925
O  14.83672030  13.72633031  11.11295603
O  11.87453317  13.36851797  10.76798956
O  9.12785054  14.40076272  11.22631240
O  9.61083895  11.46066219  11.74426915
O  11.78431246  9.54959451  10.70595645
O  14.87057870  9.13406142  11.06687640
O  13.75637846  13.36823663  13.96618264
O  10.79419133  13.72623653  13.62136458
O  13.84652228  9.54931317  14.02794368
O  13.71503584  11.27394895  11.57951532
O  10.76017914  9.13401453  13.66697425
O  12.00230314  11.41597668  15.64735928
O  11.91587579  11.27387862  13.15448374
O  16.02002141  11.46047464  12.98977939
O  16.50313799  14.40055172  13.50815661

