Ti  11.96485519  10.29430059  10.79724427
Ti  12.49349096  13.59936062  11.45050527
Ti  9.96189737  12.28488246  11.29909705
Ti  14.74448795  11.90009084  9.77826004
Ti  14.92431423  12.52613883  13.25676630
Ti  14.33250692  9.69913904  12.86234673
Ti  16.53002072  9.99694244  11.01302971
Ti  17.53848427  12.93333366  11.41691516
O  13.49699767  13.31299316  9.99955959
O  10.79301306  14.04583138  11.12402411
O  8.92329848  12.16562518  12.55530281
O  13.14886412  10.70676814  9.56596688
O  10.24733815  10.60597711  10.37222140
O  13.66609352  13.77157947  12.92318573
O  14.47031271  10.96395986  14.18587056
O  17.89926340  11.01202366  11.40797771
O  15.78641017  8.80090136  12.26760421
O  15.84868048  10.32366380  9.41053795
O  14.96270158  11.21290269  11.70656667
O  18.82934691  13.90616280  11.15276640
O  16.55843807  13.13465795  13.10257805
O  11.89210793  11.86400198  11.85942235
O  16.16749544  12.95911142  10.06078916
O  12.78594454  9.19159843  12.13685092

