Ti  14.89862028  13.39146377  9.90060823
Ti  13.21456060  14.76153997  11.70867225
Ti  14.89864817  13.39158429  13.51680652
Ti  17.17856340  11.91827211  11.70871908
Ti  10.71349017  12.18538889  11.70874250
Ti  12.99334961  10.71210081  9.90065507
Ti  12.99340540  10.71226954  13.51687677
Ti  14.67738140  9.34214514  11.70883617
O  14.33514727  13.19070438  11.70871908
O  16.21782546  10.20274225  11.70876592
O  16.59074072  12.99086093  10.17948706
O  14.03402586  15.03935876  10.06715338
O  14.03405375  15.03945518  13.35019111
O  18.79194490  11.66484622  11.70869567
O  16.59079651  12.99095734  13.23795111
O  13.94594311  12.05197512  14.32398381
O  11.67411654  13.90072592  11.70869567
O  9.09994132  12.43888709  11.70878933
O  11.30114549  11.11253493  10.17944022
O  13.94594311  12.05175819  9.09350119
O  11.30120128  11.11265545  13.23809161
O  13.85783246  9.06430224  10.06720022
O  13.85791614  9.06442276  13.35044870
O  13.55679473  10.91295662  11.70878933

