Ti  12.90076360  11.59897860  13.25566845
Ti  16.94932826  13.11108898  11.65898736
Ti  15.66410160  10.59126717  13.19837133
Ti  13.34065766  11.53828269  9.96298818
Ti  15.88313828  10.27351901  10.46782032
Ti  11.54372933  13.98084639  12.45130335
Ti  10.40283515  11.23861777  11.27529636
Ti  13.81605552  14.30718951  10.73466514
O  14.54522144  11.08371524  11.67419384
O  13.71208207  13.21775347  9.26537029
O  11.65782702  11.06280726  9.80797488
O  11.57757794  10.59232946  12.71304064
O  16.35470162  9.33956493  12.00797042
O  14.50053134  10.28119654  9.25034954
O  16.64598729  12.04567539  13.26172782
O  16.88971387  11.69948659  10.30663156
O  14.17065217  10.70807178  14.26454338
O  10.18892956  13.14402026  11.71514689
O  15.43723037  14.31993710  11.39991990
O  12.91083267  12.83491535  11.64062349
O  18.37728738  13.90510929  11.67349736
O  12.10690738  13.11946666  13.98154021
O  9.00163492  10.41625338  11.10212814
O  12.46006954  15.30782701  11.52236114

