Ti  15.25245868  12.40505814  9.79933907
Ti  10.45703471  12.94939083  11.93382745
Ti  12.18010859  11.33980541  9.79936252
Ti  13.79992587  10.36207714  13.11492150
Ti  11.27120913  9.80356861  11.94761181
Ti  16.16149530  13.94155613  11.94737738
Ti  16.97564229  10.79573391  11.93385090
Ti  13.63277857  13.38316634  13.11487461
O  12.78398411  11.01499618  11.60438610
O  13.71631107  11.87262174  14.15575740
O  15.46209920  9.90391541  12.75983374
O  16.34090501  11.07462013  10.10995588
O  11.25935822  9.74444331  10.08754459
O  12.44063672  9.10954680  13.21957006
O  11.09174456  12.67031466  10.10988555
O  10.22166234  11.08053266  12.52617957
O  13.71628363  11.87240803  8.91983637
O  17.21112439  12.66473456  12.52601547
O  11.97066010  13.84135180  12.75966964
O  14.64872033  12.73003359  11.60438610
O  9.07662241  13.81910264  12.01620538
O  16.17312675  14.00046773  10.08728672
O  18.35616432  9.92611708  12.01627570
O  14.99209514  14.63569667  13.21938251

