Ti  13.46152680  11.81255765  12.81143817
Ti  10.47826385  12.99122070  12.48186208
Ti  11.57379703  10.65407883  10.24595758
Ti  15.34831428  10.65381451  10.24600287
Ti  13.46096143  8.96960853  11.56435251
Ti  16.44419745  12.99093235  12.48177150
Ti  14.82975868  13.69519386  9.86973269
Ti  12.09329492  13.69538609  9.86980062
O  12.04340740  12.58796857  13.51517845
O  9.09220923  13.24700779  13.31354691
O  14.87937698  12.58799260  13.51529168
O  11.91565981  8.83074581  10.58004004
O  13.46104220  10.80387467  10.88260057
O  15.00604766  8.83043344  10.57983623
O  13.46125758  9.85610481  13.12532123
O  11.69815238  12.05210123  9.06225542
O  10.58692334  11.25953371  11.52327439
O  16.07142756  14.22404478  11.02161855
O  13.46152680  14.64164212  9.04359590
O  17.83114052  13.24604663  13.31345633
O  15.22438970  12.05176483  9.06209691
O  16.33497259  11.25910119  11.52322910
O  10.85167989  14.22442924  11.02189029
O  13.46152680  13.18059205  11.08645133

