  ID   Compositions    Enthalpies    Volumes    fitness  SYMM
                       (eV/atom)    (A^3/atom)    ()         
   5  [     8 16  ]     -8.6460     41.5505   -207.5033     0
   1  [     8 16  ]     -8.6443     45.4053   -207.4630     0
   2  [     8 16  ]     -8.6379     38.7747   -207.3106     0
   3  [     8 16  ]     -8.6368     36.4147   -207.2832     0
   7  [     8 16  ]     -8.6357     38.2774   -207.2568     0
  14  [     8 16  ]     -8.6328     39.0411   -207.1875     0
  25  [     8 16  ]     -8.6316     35.8007   -207.1593     0
   6  [     8 16  ]     -8.6310     39.4614   -207.1434     0
  24  [     8 16  ]     -8.6237     34.7621   -206.9678     0
  12  [     8 16  ]     -8.6235     33.8288   -206.9649     0
  10  [     8 16  ]     -8.6235     36.9240   -206.9633     0
  17  [     8 16  ]     -8.6226     35.5538   -206.9424     0
  16  [     8 16  ]     -8.6118     34.2990   -206.6841     0
  23  [     8 16  ]     -8.6087     35.2674   -206.6077     0
  11  [     8 16  ]     -8.6046     36.0901   -206.5112     0
   9  [     8 16  ]     -8.6019     34.3898   -206.4463     0
  20  [     8 16  ]     -8.6003     36.9012   -206.4079     0
  28  [     8 16  ]     -8.5986     33.3589   -206.3665     0
  13  [     8 16  ]     -8.5983     44.7373   -206.3584     0
   4  [     8 16  ]     -8.5942     36.7794   -206.2609     0
  22  [     8 16  ]     -8.5940     39.3382   -206.2569     0
  26  [     8 16  ]     -8.5928     38.3152   -206.2278     0
  27  [     8 16  ]     -8.5922     39.3313   -206.2121     0
  21  [     8 16  ]     -8.5916     43.8152   -206.1992     0
  19  [     8 16  ]     -8.5907     37.9240   -206.1760     0
  15  [     8 16  ]     -8.5826     36.0123   -205.9826     0
  18  [     8 16  ]     -8.5753     38.9429   -205.8062     0
