60
# EA10   29.157 27.564 25.615 90.00 90.00 90.00 Sym.group:    0
Ti  10.49325660  14.74811342  15.01790815
Ti  12.96769673  13.87800742  10.49606240
Ti  11.41519088  11.84672185  14.18445796
Ti  15.58902822  12.90676989  11.76115869
Ti  14.20802198  11.71929447  15.09224421
Ti  18.61429639  12.72699888  10.41965149
Ti  16.29132522  13.91342688  14.70942118
Ti  17.50931646  15.51535137  11.77317234
Ti  13.54564048  14.79533018  13.61758785
Ti  14.94431567  16.06042522  10.48778861
Ti  13.23069000  18.16814517  12.17128781
Ti  19.55955602  13.66066697  13.60649636
Ti  10.28329933  13.57375836  11.56317681
Ti  10.32607218  10.70061967  11.90027625
Ti  13.25401535  10.56784491  11.74699334
Ti  15.93328117  9.78114693  13.34713984
Ti  18.46588888  11.13615503  13.17267294
Ti  10.97352546  16.37625107  12.43412803
Ti  18.54236686  16.39598674  14.69763807
Ti  15.57704483  17.33701436  13.94175149
O  13.74597604  15.08629350  9.38394163
O  14.52734596  13.11512454  13.69082245
O  16.68240380  12.95437255  10.39349810
O  12.50235608  11.80581719  15.73911140
O  19.43476542  12.79769999  9.00058068
O  15.55485659  12.78121685  15.91247682
O  14.45471667  14.62788019  11.66976273
O  12.40293180  14.39251303  14.88931854
O  16.73287402  15.77235611  10.10347988
O  9.80571288  14.56938984  16.49663737
O  10.34447005  16.41346218  14.07559226
O  11.26859109  13.51788657  9.97783605
O  10.31951193  10.45433725  13.73101310
O  13.94596172  12.18330323  10.88523807
O  15.20590942  10.13286082  14.95112865
O  18.73987422  11.12237314  11.42439225
O  17.44444284  15.16201121  15.40833897
O  18.56338883  16.52032698  12.89845946
O  15.00047144  15.60129526  14.57504248
O  14.07451354  17.68227833  10.63008248
O  13.01268549  16.58281408  13.02607567
O  12.02167903  14.57065777  12.11834065
O  10.17999721  13.23422766  13.86677504
O  11.57593167  12.03892412  12.16836764
O  13.17112290  10.98502280  13.54565964
O  16.40483219  11.45302831  12.72806542
O  17.99063496  12.82983937  14.22485354
O  19.04873095  14.13537048  11.79089824
O  16.62152465  14.22539380  12.76251821
O  16.01497819  16.71908943  12.27316049
O  17.12278632  17.72549835  14.78624194
O  14.45200510  18.73289956  13.47826537
O  11.41102148  18.12666167  11.88367743
O  9.65952128  15.29597121  11.60280392
O  9.21849730  12.01257314  11.29190910
O  11.73162835  9.72304247  11.13801142
O  14.66963057  9.42367220  11.98793235
O  17.74084967  9.48309972  13.60844313
O  20.20205267  11.98685613  13.54773450
O  19.97550525  15.12816289  14.65629471
