60
# EA11   31.851 27.442 26.260 90.00 90.00 90.00 Sym.group:    0
Ti  10.55044627  13.38107077  14.79856345
Ti  12.35808955  13.79648335  11.83711233
Ti  13.32930685  10.56269759  11.91284699
Ti  12.63426524  10.90895706  14.89344186
Ti  18.85071843  13.60966020  11.20174473
Ti  16.33825543  13.66978498  9.72323817
Ti  18.13707612  10.66173472  12.70966282
Ti  21.19526558  12.14237951  13.04324722
Ti  15.84559190  10.46816091  10.85755118
Ti  13.93981723  15.27493281  9.71404707
Ti  14.96960760  17.84965106  14.22637810
Ti  16.67851432  14.13302845  15.57095721
Ti  15.40194628  17.85445336  11.38727364
Ti  17.80535316  16.49971112  12.43650333
Ti  18.43137474  11.54541260  15.44023351
Ti  13.38377120  15.05506984  14.98472261
Ti  15.36933137  11.49791100  14.65342285
Ti  15.50854991  14.56180514  12.62838723
Ti  17.89052140  16.73927723  15.37093262
Ti  19.76919129  14.69541882  14.27272750
O  8.97308211  13.75784542  15.10570374
O  15.97786703  13.29520567  13.75757949
O  14.36110380  10.32499752  15.54690279
O  11.10470868  11.63907115  15.43973457
O  12.41793664  9.92465044  13.33365971
O  12.55575375  12.05426419  11.30279431
O  14.25615640  9.61864795  10.59142945
O  10.98122429  13.73836181  12.90548576
O  15.24836317  14.61844483  8.56321634
O  18.18625329  13.68194166  9.48432209
O  19.66841631  11.00450909  13.70629315
O  20.41368616  12.78476246  11.39383872
O  17.78480959  12.25126821  11.93800434
O  22.60735750  11.35120763  12.82376375
O  15.07136995  11.05209301  12.48051557
O  17.36963832  9.58969695  11.39775150
O  14.65925633  14.05295355  10.94657354
O  13.59309269  12.33408729  14.34055782
O  12.27011847  14.79028480  10.23084947
O  14.28377078  17.00299204  10.20275097
O  16.93723594  14.72253123  11.38624949
O  17.34196024  15.51320916  16.61469850
O  17.10757241  10.54359816  14.21400950
O  21.27161123  13.78468341  14.08383727
O  18.33833943  17.67575296  13.55264423
O  19.67895883  16.19941651  15.31258227
O  16.34730098  17.95549373  15.31938368
O  11.83940416  14.57168416  15.64091461
O  17.14085618  17.66123629  11.04644141
O  13.60713876  14.69788857  13.09576779
O  19.25999735  15.15888182  12.41163484
O  14.84883050  18.97415737  12.73074983
O  16.53279829  12.27459366  16.00417313
O  14.90297635  14.55735958  15.86357557
O  18.68519138  13.45005923  15.11851876
O  15.56626301  16.58316135  12.79823876
O  17.27647561  15.43585098  14.12196720
O  19.12784963  10.90420965  16.76075820
O  13.56939592  16.91830693  14.86484441
O  15.96378911  11.89441624  9.71278657
