60
# EA12   30.529 28.712 25.950 90.00 90.00 90.00 Sym.group:    0
Ti  17.91313498  14.32170391  14.26996839
Ti  20.41703198  12.48853063  12.38174946
Ti  21.47965488  14.94997928  13.22043888
Ti  16.09101162  18.45278244  13.13080914
Ti  18.76913761  16.56853056  12.86786236
Ti  14.66991720  14.91635756  13.04914591
Ti  18.43243327  11.58025611  14.43902970
Ti  17.63910668  13.45216183  11.11497032
Ti  15.58963385  15.17203767  9.43299841
Ti  14.40632981  17.46804793  10.58074696
Ti  14.33959342  12.57719320  10.62146180
Ti  14.57353714  14.21739331  16.00661601
Ti  11.68295984  13.80328054  15.41545933
Ti  11.96226966  16.59523270  14.36520323
Ti  13.18605515  9.89615539  12.14228702
Ti  11.33221216  14.06186056  11.82842722
Ti  10.71699175  11.89324531  13.56634637
Ti  15.64150262  11.68740919  13.95468137
Ti  11.36414549  16.94930873  11.62539795
Ti  14.82250114  17.23327014  15.35341396
O  19.84760507  13.84413768  13.50803773
O  15.76041308  18.76887254  14.93700155
O  18.31917068  13.07035003  15.54185958
O  19.93326944  11.07300170  13.50725925
O  21.97517108  13.34009901  12.24338646
O  20.49906340  16.47805914  12.51632382
O  17.81067966  15.05127511  12.30146155
O  15.99292194  14.58352838  14.31065728
O  18.51486157  16.03104245  14.58714973
O  17.78259298  18.15007212  12.65684063
O  22.32411755  15.23652476  14.59615422
O  19.26550862  12.69804189  10.93708616
O  17.41123822  12.57340322  13.16503659
O  16.25040353  12.37000761  10.72876319
O  15.16964640  18.81142368  11.57430329
O  14.61212580  13.74467940  9.08940043
O  17.28344383  14.68970525  9.71395417
O  15.17941568  16.87187255  13.50092756
O  15.12012836  16.97334066  9.01303090
O  13.18419288  8.28007333  11.86942751
O  13.05563526  17.67942547  15.35346586
O  15.25027349  15.90760968  16.56105407
O  13.70779576  10.95111938  10.57734757
O  15.02069541  12.50239851  15.48048890
O  10.88105459  15.46378002  15.27294441
O  12.60459982  17.71666490  10.51229205
O  10.02425821  12.77346824  12.13445025
O  12.57407082  13.47840458  10.78764271
O  10.48500188  12.45783753  15.37648311
O  12.47729389  15.77705634  12.58477873
O  12.96301028  13.76902716  16.75367757
O  16.98722094  10.57591133  14.69631948
O  11.58264154  10.45411514  13.07359038
O  12.00958961  13.27911478  13.58798829
O  13.52214891  15.08179594  14.64833876
O  10.41432724  15.55623257  11.06242249
O  10.94916479  17.66636152  13.26595439
O  14.89531280  15.68925513  11.18604614
O  14.64720362  13.18485337  12.54881265
O  14.55354065  10.47050968  13.35727085
