60
# EA2    29.018 27.243 25.918 90.00 90.00 90.00 Sym.group:    0
Ti  14.75678963  11.84341402  9.24355387
Ti  12.40410234  14.14634926  10.08035675
Ti  13.48932854  16.65088057  10.48147059
Ti  16.48892068  16.44184725  11.27682988
Ti  16.89892017  12.98169617  10.70620942
Ti  13.00103769  13.77233410  13.64981894
Ti  11.12439553  13.66499782  15.79330018
Ti  12.23919137  10.89269792  15.68558312
Ti  15.15396303  10.89583084  15.14793092
Ti  16.26521864  13.92911589  14.42548021
Ti  18.74233637  12.05947595  12.63127593
Ti  14.66665881  10.07669703  11.42645706
Ti  10.26620848  13.27106823  12.03916907
Ti  12.25303310  17.39664975  13.41175803
Ti  18.22911881  16.85250386  13.74105186
Ti  19.81937941  14.63173263  14.51894212
Ti  15.36791492  16.92891966  14.60680565
Ti  10.09679967  15.69613255  13.96340619
Ti  11.74164369  11.00719903  12.88258116
Ti  16.73992893  9.47564112  13.36484565
O  18.54344498  12.21173546  10.80374052
O  14.54060333  10.05362246  9.57422138
O  10.59814875  13.88037869  10.35895411
O  12.62324851  17.76946624  11.69061784
O  17.98884733  17.24191116  11.93671347
O  19.93937006  14.25349484  16.11598481
O  15.58276638  15.34061519  15.44404914
O  10.00840995  15.14858132  15.70406297
O  11.30030444  10.01932388  14.38919439
O  16.30984878  9.46836732  15.16065688
O  10.85208785  13.12349447  14.08830718
O  12.21902366  12.92255225  12.04984747
O  17.91183277  15.03160113  14.16360026
O  15.39069428  10.75528569  13.26638148
O  13.13843932  11.78892860  14.28461347
O  13.55461970  15.04579458  11.30754324
O  15.19801281  11.96734111  11.05330922
O  17.16165181  12.92693832  12.81721485
O  15.61192976  16.35584202  12.88519892
O  11.93238094  15.53327563  13.38923490
O  15.22903336  17.17244225  10.15650514
O  16.93960382  14.78995829  10.68428241
O  16.36176251  12.59468623  8.92825600
O  13.25544108  12.88569286  9.07746848
O  12.89607852  9.98567914  11.93114100
O  13.82614389  10.28420475  16.30770354
O  16.07007061  12.45310587  15.49586011
O  14.73905945  13.83959635  13.40354189
O  12.80992320  14.19293430  15.47504760
O  11.27090891  12.05642477  16.70796207
O  10.46599944  17.50801795  13.85999160
O  9.22227532  14.71147204  12.71903578
O  16.96989892  17.76788616  14.80378582
O  13.64512777  17.69626508  14.54675261
O  19.99537537  13.05925616  13.42438031
O  19.92358411  16.55577626  14.14973389
O  15.87025063  8.74926874  11.88290678
O  18.31942374  10.28069044  13.11286654
O  10.10063009  11.44697810  12.10660887
O  12.48773307  15.79725749  9.21916461
