60
# EA3    29.914 27.048 25.479 90.00 90.00 90.00 Sym.group:    0
Ti  13.12523386  9.38036327  13.95983644
Ti  20.82396792  13.97286012  13.68484623
Ti  19.23346377  16.22357280  13.12671265
Ti  13.83164265  16.43211487  12.95626101
Ti  10.95644072  17.01273280  12.87027083
Ti  11.29332727  14.89379924  10.92304557
Ti  9.84329721  12.81835928  11.93118166
Ti  11.89288481  10.86920764  11.81711410
Ti  18.34284726  12.40787490  14.51182968
Ti  16.39771783  10.12824763  13.86515807
Ti  15.86202574  13.51471671  12.80321123
Ti  19.52212966  12.84646242  11.33243525
Ti  16.43083214  15.88698426  14.46915308
Ti  17.60834964  15.11348520  10.87348975
Ti  14.07714327  14.52688961  15.62445340
Ti  14.39635090  14.73324077  9.93080810
Ti  10.93161246  14.65471968  14.45534369
Ti  14.43063184  11.92587492  10.02581769
Ti  12.58272149  11.79544822  15.22953555
Ti  17.39123700  11.15816419  11.29671429
O  14.43658464  13.23993344  8.80226027
O  11.18701446  12.84589441  15.25208409
O  15.94730931  10.98589383  10.12816511
O  13.97663369  12.72463706  15.98171392
O  18.91847396  11.33351805  10.35000703
O  16.95300330  13.65642253  14.43990368
O  19.12003154  14.19541319  10.21232083
O  15.57087703  15.47631055  16.09320815
O  16.20657016  15.28221224  9.75385942
O  12.44057223  15.27920988  15.55482047
O  15.29656966  17.15441158  13.79921953
O  12.55397455  17.81073759  13.10250801
O  10.13046742  16.30355450  14.37714996
O  9.69396871  14.05914406  10.58690678
O  10.05535446  10.97891538  11.77214442
O  12.09498084  9.11307237  12.48391378
O  14.90924885  9.04569516  14.13428822
O  18.66881536  11.83245024  12.81844742
O  20.06087293  12.96669193  15.03329960
O  20.98068508  15.81855217  13.68693547
O  18.11391877  16.61423080  14.53970324
O  16.61432194  15.26108755  12.53963542
O  14.47625002  14.64736255  13.79868448
O  12.48989970  14.93331675  9.62730736
O  9.61792843  13.74584408  13.48675034
O  12.90949725  10.93347430  10.32521638
O  12.45487092  9.96209018  15.55566126
O  17.23374209  9.60992184  12.36416450
O  17.59773032  10.84356589  15.10835947
O  21.21676292  13.04694411  12.15450134
O  14.20215205  16.12719985  11.28919811
O  11.90377335  15.31934950  12.87292060
O  11.64167071  12.97129013  11.80776347
O  13.02586101  11.23939011  13.44381895
O  14.51459921  13.35816138  11.27910860
O  15.71194940  11.65452679  13.14026725
O  17.15590700  13.15432570  11.41297301
O  19.15063312  14.35635033  12.93383987
O  18.64996982  16.64863619  11.46843986
O  10.54961626  16.62291329  11.15849304
