60
# EA4    31.458 26.607 26.395 90.00 90.00 90.00 Sym.group:    0
Ti  16.49005977  12.65425350  9.53077914
Ti  17.41249018  10.29685830  11.16805159
Ti  20.19724037  9.52299752  12.99777199
Ti  18.84670385  12.88006600  12.88986811
Ti  17.54857564  15.62884824  10.46226836
Ti  18.81342174  10.72935296  15.13351919
Ti  17.88300110  13.48303087  16.21884006
Ti  18.81213198  16.62668565  15.54354337
Ti  19.17140892  15.91311603  12.85481518
Ti  15.49518256  10.37854139  13.78041825
Ti  12.22746425  11.64976438  12.22119663
Ti  12.61115227  15.41463634  11.53571136
Ti  13.71012258  12.97805910  9.80183221
Ti  16.00617938  16.68271972  15.01999311
Ti  14.89468895  16.98220664  11.86969077
Ti  14.48731338  14.31329821  15.86770373
Ti  13.18528444  10.93683332  15.34964369
Ti  10.01001993  11.45428371  14.53099427
Ti  11.54131167  14.39865305  14.02718767
Ti  15.79865377  13.79603407  12.78191143
O  14.97531471  12.71701911  8.48908965
O  15.23521718  13.07924502  10.92650844
O  17.18426549  10.32711031  14.51346780
O  17.01813804  10.90075441  9.45352017
O  19.75859597  11.42107834  13.55070019
O  18.90027609  9.40371892  11.57688799
O  21.75816514  9.31306932  12.56525903
O  17.72250456  12.11525155  11.61130743
O  17.48748503  14.20716341  9.28567263
O  15.47407453  12.24514629  13.49054536
O  17.82949177  13.21352989  14.33131402
O  16.18004538  16.82094240  10.55019102
O  19.77133629  9.24876052  14.87891037
O  19.02846570  16.49615235  11.10034771
O  18.72618989  11.88786925  16.58660541
O  17.74455632  15.99405413  14.16346647
O  16.20898635  13.65672051  16.70585926
O  18.88165321  15.05517754  16.45127684
O  19.99308072  14.29086862  12.75989778
O  17.39588058  14.69225985  12.05353385
O  17.35124229  17.61345460  15.97750807
O  20.04655860  16.87663058  14.14403955
O  15.95122300  9.71302378  12.10642998
O  14.60905419  9.72901450  15.25641558
O  13.36003125  10.87542467  13.43519447
O  15.49486799  14.76181020  14.35509616
O  10.60717904  11.17717317  12.67332128
O  12.48261663  13.46650800  12.64639810
O  13.22186959  17.16329299  11.24924345
O  12.69064556  14.48895676  9.93586741
O  14.91954043  16.12581134  16.33479450
O  12.79712944  14.86076115  15.23440192
O  15.31493067  17.57551321  13.55727261
O  13.79644216  12.52792409  15.95061129
O  8.50685126  10.90570329  14.87202121
O  11.26159093  15.70286855  12.70499561
O  14.44276946  15.20907167  12.15935250
O  11.43998683  10.67377121  15.57574561
O  10.23553927  13.37620429  14.62876236
O  12.78114899  11.57704780  10.43067322
