60
# EA5    30.966 26.983 26.372 90.00 90.00 90.00 Sym.group:    0
Ti  20.98430400  13.03629334  13.07098489
Ti  14.53491249  12.76570844  10.24199068
Ti  17.26533532  11.10256116  10.87654574
Ti  20.02483485  14.27340703  15.72136380
Ti  16.57991174  10.24226418  14.13049298
Ti  14.24547702  13.17989653  13.70050295
Ti  19.43887279  12.93745484  10.73498263
Ti  19.03409045  11.42279465  15.02802630
Ti  12.34072097  10.88658973  11.79973868
Ti  17.50333693  13.90193294  13.31500192
Ti  17.21483043  14.93581115  10.08824387
Ti  12.92792166  15.46726708  11.34427362
Ti  13.79920077  9.89647784  14.50101490
Ti  11.87078701  12.06158870  16.11857384
Ti  12.54168772  15.30488376  14.84318728
Ti  9.96191253  15.74732298  12.80882415
Ti  10.45138579  12.35608048  13.20930428
Ti  15.49472226  16.23471577  14.88453806
Ti  18.49844748  16.63368548  15.74269847
Ti  15.97506066  16.88063332  11.66817044
O  19.90530763  15.73453307  16.71022219
O  14.91430303  11.43725751  14.24832159
O  19.48875837  12.61117716  16.34447354
O  15.88334055  11.38682640  9.84591462
O  13.04413556  9.57449045  12.87876181
O  21.41224861  14.10719214  14.53548267
O  21.25147521  12.82933421  11.28369790
O  20.37118510  11.45903274  13.78307264
O  16.95852815  10.03646531  12.39594933
O  18.08449933  9.90219822  15.19973222
O  17.55811508  12.20268248  14.16801987
O  13.23172517  11.42503424  10.31902232
O  18.92592761  11.28655780  10.08428812
O  16.79004431  15.16759458  11.98064832
O  18.47804115  14.87172668  14.71072240
O  17.57892396  12.80313378  11.56700872
O  19.39936068  13.82049843  12.62656956
O  18.92732106  14.31272117  9.68475736
O  15.84971191  14.04351241  9.45318775
O  13.21385802  14.12796900  10.20412097
O  16.95103447  16.78368363  10.09430935
O  14.89584753  12.94957018  12.03869236
O  12.99740847  13.53736648  15.32212313
O  11.28801439  16.07449109  11.43071995
O  15.38383444  8.98075790  14.67973569
O  12.41262309  12.34256203  12.98849432
O  12.78018478  10.37947241  15.86276867
O  11.48876439  12.41498423  17.67307813
O  10.36254548  12.05781109  14.96302014
O  8.59911643  16.65179103  12.70341660
O  10.54034996  10.98013957  11.94016781
O  13.29275837  14.91727387  13.15962006
O  10.92265127  15.85889743  14.52685914
O  9.70071769  13.86442666  12.68949236
O  13.79718801  16.47607814  15.48665596
O  16.64159522  16.63935190  16.15913347
O  18.98959288  17.78874406  14.68857020
O  15.74535783  14.35629861  14.27097485
O  14.29118224  16.72758610  11.15423939
O  15.93273068  17.29957040  13.46547866
