60
# EA6    31.636 27.219 25.991 90.00 90.00 90.00 Sym.group:    0
Ti  20.77034544  13.35435383  10.90620974
Ti  19.76972056  12.92265418  14.25880366
Ti  18.58911671  10.36639885  13.80580452
Ti  18.22390713  11.08303116  10.66415448
Ti  12.61070811  13.41880936  15.33566754
Ti  15.48132370  13.04650244  16.41609220
Ti  13.41683295  10.85509592  13.07974272
Ti  10.32523773  12.70655937  13.37851059
Ti  15.64086561  10.32369162  14.57329615
Ti  18.49553650  14.45839983  16.52819188
Ti  16.94788817  17.73319282  12.49899725
Ti  14.95559148  14.59221039  10.57315959
Ti  17.33296534  16.54868628  15.08885591
Ti  14.79854883  15.54050700  14.09277242
Ti  12.55243402  12.35447646  10.64447921
Ti  18.27642341  15.34839249  10.84837951
Ti  15.46117137  11.41532557  10.80050387
Ti  16.84731633  13.53941851  13.14446060
Ti  13.85471113  17.57248950  11.58494172
Ti  11.94950921  15.29278326  12.37153682
O  22.29328582  13.25377815  10.32037001
O  17.04001310  12.29737016  11.45633768
O  16.63778905  10.46950593  9.80512214
O  19.65415312  11.96112894  10.13203839
O  18.71420668  9.99866478  12.04724568
O  20.10902000  11.09321122  14.45599825
O  17.21353827  9.39169943  14.54928036
O  20.78714432  13.33143509  12.88286003
O  17.01239460  13.62801765  17.26033560
O  13.77612653  13.56878824  16.82033201
O  11.78382985  11.74266605  12.42375297
O  10.88760479  13.04310001  15.21184587
O  13.33084546  12.00092370  14.51624566
O  8.88613358  11.94229312  13.29159630
O  15.35566427  11.34626996  12.99158086
O  14.07749403  9.47248660  14.12206441
O  17.97802972  14.61711614  14.77852200
O  17.86676482  12.08377955  13.93334292
O  20.02170378  13.58585481  15.97413928
O  18.35573564  16.28141901  16.61622378
O  15.59882096  13.72012810  14.69410286
O  14.39173751  16.35855878  10.39818740
O  13.72895679  10.72708309  11.16770635
O  10.40350596  14.49941946  12.61156477
O  14.04724972  16.95011796  13.27886065
O  12.06188139  17.03773720  11.70697000
O  15.47863461  18.58219307  11.80194153
O  19.81758630  14.88351239  10.16042068
O  15.55272685  16.31220415  15.57634526
O  18.29837901  14.28661821  12.36685842
O  12.91470142  14.83065232  14.10002394
O  17.61772378  18.12354621  14.18140212
O  14.58389646  12.81802281  9.92663061
O  16.66547082  14.86639139  10.03886024
O  12.75949368  14.26982384  11.10751092
O  16.54313320  16.04120782  13.24943871
O  15.22162122  14.19445333  12.32950919
O  11.54867715  12.10942022  9.38762686
O  18.17221340  17.14337569  11.31796098
O  15.60122532  11.24495936  16.14773394
