60
# EA7    28.795 27.912 26.208 90.00 90.00 90.00 Sym.group:    0
Ti  18.88039089  12.94648028  14.58520695
Ti  16.15693558  12.62711596  16.38474810
Ti  15.91719135  15.43474200  15.92270906
Ti  14.37607305  15.49695691  13.45327683
Ti  13.70403478  10.95172325  15.66312332
Ti  13.08561215  10.73962314  10.21633041
Ti  15.15462272  14.60646580  10.69592850
Ti  16.31991329  11.50306073  10.33080497
Ti  11.49934384  16.44176396  11.22023667
Ti  12.90014583  17.65720171  15.46405080
Ti  11.93100440  13.75764668  9.82473726
Ti  12.26107743  13.05000434  13.16874151
Ti  10.54079884  11.71008094  15.23552100
Ti  16.20090501  17.26222492  11.62674191
Ti  10.88535558  15.40864467  14.31458783
Ti  15.44789620  12.42009576  13.50972789
Ti  13.55035775  18.21699640  12.17964251
Ti  12.49419890  10.05858054  12.87875501
Ti  18.62293795  12.65913055  11.84714738
Ti  17.99345817  15.42575447  13.08094623
O  15.92847885  11.35535264  12.06501071
O  9.05669394  11.15762699  15.64965264
O  13.18331239  18.57702790  16.79416238
O  15.75919512  16.22952429  10.14323757
O  13.64042741  14.20470649  9.70279355
O  14.80445101  10.64494705  9.60016480
O  11.16022928  11.20435098  13.44709185
O  11.96000060  18.16482965  11.09517426
O  19.75592092  12.09355816  13.14570507
O  14.79258762  11.60666852  17.06396907
O  12.41841138  9.29438934  11.18399163
O  15.11082606  18.74823754  11.28572933
O  17.94681084  17.07879000  12.30627738
O  18.82159222  14.42928308  11.64629274
O  17.42522461  13.08235386  13.34530174
O  14.29795317  16.23622307  15.35670469
O  11.12869915  15.42874101  9.70331770
O  16.24527756  14.24827647  17.28814842
O  13.45311823  9.55927025  14.32965717
O  12.03529861  11.10847470  16.28508080
O  11.96881177  11.90518289  9.36660315
O  18.15084971  11.46267267  10.48325427
O  17.16402836  15.98485137  14.83142685
O  15.76495405  11.27870744  14.80708004
O  10.44594927  16.15851723  12.71445990
O  12.94094784  18.64222935  13.81908176
O  17.95642825  12.33144857  16.07190862
O  10.65030488  13.52291027  14.49222258
O  13.28052312  16.22257431  11.88577730
O  15.50295156  13.91442604  14.90347139
O  16.14547531  15.25387494  12.38849045
O  12.61237213  14.85264595  13.93533843
O  13.22443114  11.50024166  11.93816618
O  15.05041489  17.22867519  13.14408021
O  19.29696304  14.63630328  14.39473051
O  11.56387265  13.62043334  11.59482112
O  13.53204436  12.30697012  14.37785285
O  14.26028977  13.78620023  12.43351501
O  11.24603733  16.61051739  15.54034097
O  16.23499787  13.30123649  10.06330455
