60
# EA8    28.656 26.859 26.878 90.00 90.00 90.00 Sym.group:    0
Ti  15.10182873  10.39998704  14.55941141
Ti  15.60952715  13.65019451  13.88954915
Ti  17.59515898  16.25630164  13.81203199
Ti  17.63201061  9.96645952  13.35281536
Ti  17.90579007  12.52918973  15.03026637
Ti  17.93338580  15.20969567  16.54405509
Ti  15.06150973  15.59955082  16.28785065
Ti  15.00161869  17.24666532  13.15977504
Ti  14.84065791  15.10502702  11.13951755
Ti  17.81879044  10.89131465  10.32440467
Ti  17.95823055  14.08850289  11.59577755
Ti  14.76368788  11.43866967  11.58521436
Ti  9.62377507  10.42743671  14.68557839
Ti  12.35784441  11.14139672  16.20302258
Ti  11.98058812  16.17054156  13.28586139
Ti  12.55915284  14.08393690  15.93050298
Ti  9.95847720  13.66792130  13.75058807
Ti  12.07879225  11.36034947  12.90080213
Ti  9.50680126  15.56167995  11.22646901
Ti  12.25657409  13.76788967  10.91099780
O  16.70117763  14.77482522  15.22725780
O  18.64912681  13.48646340  16.40778185
O  18.60769023  16.43587942  15.39352728
O  16.26400163  11.06659503  12.87868125
O  18.63081562  15.64376037  12.46953899
O  17.56140221  13.36336963  13.36673834
O  16.05750647  12.12620064  15.17116268
O  18.68680946  11.00968128  14.52183548
O  16.35300718  9.11331733  14.48189425
O  15.09466473  16.95108448  15.24032068
O  14.24403991  14.12352673  15.04698470
O  16.49562811  15.68345764  17.54675198
O  15.74719060  15.45725302  13.11246914
O  14.77492104  16.93488864  11.35096953
O  18.41732839  10.38677252  8.89539026
O  15.83413291  11.03073856  10.26769135
O  13.73410632  14.36294587  9.91883723
O  14.92009235  13.23589787  12.24706688
O  16.57033431  14.65068395  10.61291689
O  18.25980634  9.61463640  11.74823156
O  18.59230196  12.62977585  10.83780806
O  16.77909330  17.80986702  13.36007251
O  10.63593379  16.71797716  12.32211123
O  10.81540634  10.18970968  13.12225286
O  8.31588639  9.44915948  14.70584467
O  10.87905133  10.18871590  16.14837889
O  9.23001292  12.31985242  14.62620412
O  12.38747472  12.14360513  14.63894445
O  13.28435033  15.38653386  16.92650715
O  12.26491299  12.74782017  17.13107828
O  11.29376102  14.87213457  14.67781055
O  13.18030038  17.47974579  13.56789592
O  13.98029005  10.23676625  15.97759385
O  13.86380339  10.45263025  13.08553704
O  11.13795832  12.97646894  12.47910768
O  10.80400125  14.46291424  10.22992727
O  12.96027959  14.97712552  12.24921714
O  8.37514701  16.33838206  10.33727940
O  12.92847142  11.84716481  11.13427627
O  8.82364213  14.52229899  12.71211611
