60
# EA9    30.415 27.689 26.055 90.00 90.00 90.00 Sym.group:    0
Ti  20.53211791  12.17658365  11.44438696
Ti  17.99663442  13.56277961  10.07046646
Ti  17.48133775  16.71392978  12.54240819
Ti  20.01578712  15.08883286  13.27602040
Ti  14.77695788  17.58746333  12.19741034
Ti  16.42860204  15.59961242  15.42740412
Ti  18.46816343  11.05409802  14.18399448
Ti  18.98196975  13.87156768  15.57383475
Ti  16.79431607  13.54223435  12.61069905
Ti  15.67865102  10.68339728  14.60356251
Ti  14.95716877  13.48264755  9.86322284
Ti  12.18681803  10.26880941  13.65658369
Ti  12.25497881  11.86920772  10.50170725
Ti  10.57608251  14.11476044  10.63182728
Ti  10.93720383  13.31939303  13.39285223
Ti  12.98035423  16.17543351  10.36856482
Ti  13.67622677  17.26549528  15.40413677
Ti  13.34272257  12.33233445  15.72870728
Ti  11.92457698  15.13056023  15.93553402
Ti  14.07335985  14.52749314  13.19019434
O  17.31405339  9.72499685  14.67787214
O  19.15177858  12.07349739  15.58501246
O  17.36420828  16.72508846  14.39011773
O  19.58662669  12.83561028  9.84878822
O  21.93876651  11.45115873  11.06666369
O  16.84434931  11.99663264  13.76317580
O  17.68655004  14.87540581  11.41030666
O  16.52334582  13.54843669  8.93218984
O  19.52099038  11.12528652  12.75501920
O  17.29586501  12.39823434  11.27870149
O  16.55038506  18.18385737  11.99967689
O  19.35915037  16.64130145  12.54342434
O  20.83119194  13.91501177  12.27807746
O  18.37731281  14.14696279  13.79811592
O  15.63126393  15.96463691  12.52185058
O  20.41541426  14.86394255  15.09501703
O  17.63399234  14.72965075  16.48985991
O  15.20934234  16.71343138  16.22255889
O  15.59257562  14.27834724  14.33370807
O  13.19031131  15.84801072  12.14417943
O  12.73304710  13.78315661  16.79642623
O  15.00336967  13.51518217  11.81721183
O  14.04443486  14.99394255  9.46921503
O  14.01338080  18.13393405  13.80572406
O  12.07744447  13.44709484  11.60037987
O  12.23095069  10.59800430  11.65970772
O  11.65859484  8.74308843  13.84780332
O  12.27283261  11.02366778  15.59926469
O  10.71848712  12.55996597  9.68422313
O  13.84579228  12.11361879  9.54269089
O  14.24000549  10.26822795  13.70694853
O  13.03069161  13.17156129  13.98146686
O  9.66493020  14.03883712  12.16020342
O  10.62009350  11.67998088  13.63592186
O  13.27386225  15.62552935  14.67565745
O  13.86644430  17.78026206  10.58396374
O  11.22368591  15.75450486  10.02231632
O  15.04993555  11.63830889  16.01369983
O  10.63837312  14.44664117  14.90194747
O  12.17227950  16.94934192  16.41549817
