  ID   Compositions    Enthalpies    Volumes    fitness  SYMM
                       (eV/atom)    (A^3/atom)    ()         
   2  [    20 40  ]     -8.8230     31.2470   -529.3824     0
   3  [    20 40  ]     -8.8029     30.9603   -528.1765     0
   4  [    20 40  ]     -8.7964     36.2015   -527.7825     0
   8  [    20 40  ]     -8.7939     31.8895   -527.6337     0
  12  [    20 40  ]     -8.7938     38.8090   -527.6305     0
   5  [    20 40  ]     -8.7928     36.5980   -527.5690     0
   9  [    20 40  ]     -8.7915     36.0696   -527.4871     0
  11  [    20 40  ]     -8.7897     40.2428   -527.3793     0
   6  [    20 40  ]     -8.7831     37.9740   -526.9855     0
  10  [    20 40  ]     -8.7769     31.6292   -526.6163     0
   7  [    20 40  ]     -8.7730     32.6008   -526.3772     0
