Ti 15.20576223  12.29477977  11.63723849
Ti 14.27144898   9.90072504  10.37076503
Ti 12.98949324  12.42649618   9.83021897
Ti 10.15426415  12.00624616  11.30134973
Ti 11.87206177  10.01332463  11.93975995
O  14.38637233  13.43372584  10.31191803
O  15.81397631  10.59696969  10.97122159
O  13.54438759  10.83783690   8.96989175
O  11.36048487  13.05077301  10.20022837
O  13.27119779   8.78313406  11.38560995
O  13.35924328  11.34117766  11.45300927
O  11.00263494  11.23634355  12.91027021
O  10.82995498  10.27840190  10.58007513
O  15.76116953  12.88607612  13.05856200
O   8.52866681  12.21152915  11.25174188

