Ti 12.36183532  12.91727852  10.42744176
Ti 13.19223697  11.49577138  12.86170319
Ti  9.78623312  12.97280165  11.79717414
Ti 12.36201964  10.07339059  10.42788601
Ti  9.78627920  10.01818933  11.79736120
O  13.73143010  11.49595531  14.39915362
O  10.87157759  13.87977144  10.46405774
O  13.52272950  13.05085591  11.77905321
O  10.02972483  13.47480894  13.33953476
O  11.39508016  11.49538054  11.60172523
O  12.65659208  11.49524259   9.28123989
O  10.87219968   9.11092066  10.46450199
O  10.02993219   9.51611307  13.33976858
O  13.52293687   9.94036498  11.77938055
O   8.68275579  11.49521960  11.60392312

