Ti 14.49698943  11.06561550  10.28390823
Ti 12.00279560  11.06561550  12.21388800
Ti 12.03766142   9.10481056  10.13404301
Ti  9.94819074  11.06561550   9.93546315
Ti 12.03768595  13.02642044  10.13402187
O  11.84613254   9.15422960  11.91593363
O  10.39896817   9.35923120   9.27517241
O  10.39899271  12.77202194   9.27517241
O  11.84613254  12.97702353  11.91595478
O  13.72054420  12.75367514   9.61150226
O  13.74934959  11.06561550  12.13563587
O  13.72054420   9.37753372   9.61150226
O  11.90950931  11.06561550  10.26352588
O  16.13030927  11.06561550  10.23500328
O   9.77700229  11.06561550  11.63559181

