Ti 10.66982856  11.05760238  13.12541704
Ti 10.17593170  11.05802258  10.09352286
Ti 12.09527555   9.09124023  11.67534630
Ti 14.08304084  11.05791200  10.89676238
Ti 12.09515823  13.02473858  11.67579828
O   9.41552906  11.05780142  11.93180080
O  12.15459291  11.05769084  11.77898574
O  11.06949339  12.83356939  10.24719668
O   8.99430068  11.05817739   8.96962481
O  11.06963417   9.28245365  10.24703849
O  13.93230716  11.05822162   9.27385379
O  13.88465147   9.22192264  11.46659849
O  13.88479226  12.89390136  11.46707307
O  11.22822835  12.82647021  13.32234553
O  11.22834567   9.28897782  13.32180315

