Ti 12.23433812  12.91840200  11.70360762
Ti 14.97568278  10.08175983  10.81634879
Ti 10.05607810  11.55874176   9.78510851
Ti 12.23451873  10.19917400  11.70328152
Ti 14.97511513  13.03551564  10.81624009
O  11.85019276  11.55871865  12.89122094
O  15.18166292  13.58451183   9.28738007
O  15.18150811   9.53348028   9.28733659
O  13.62010482  14.00865000  11.83632795
O   8.45305562  11.55867241  10.08685434
O  13.34146527  11.55885735  10.78786990
O  10.89199677  13.07782080  10.47942827
O  16.00958286  11.55874176  11.25053234
O  10.89207417  10.03970896  10.47910218
O  13.62020803   9.10906471  11.83645839

