Ti  9.93936433  11.25193738  10.01766040
Ti 12.16372952   9.73254344  10.66910493
Ti 14.96678758  10.08564617  10.32536189
Ti 14.98660724  13.38665311  10.69053227
Ti 12.53614928  12.50367050   9.97669940
O  10.96008935  12.74446136   9.21216958
O  15.74172837  11.80349386  10.89782785
O  13.44418687  13.28048295  11.53914534
O  14.12908028  13.30324338   9.15190134
O   8.47711998  11.48859613  10.71683787
O  10.59792555   9.43837396   9.80464263
O  15.89538838   9.23093345   9.28499371
O  13.72038003   8.99926483  11.29058001
O  11.50427090  11.33277302  11.30861108
O  13.23655484  10.76633646   9.48955170

