Ti 14.64352452  10.73517240  10.88643238
Ti 11.67829862   9.94230704  11.21528209
Ti  9.61409239  11.79151518  10.82289738
Ti 11.83684498  11.68523051   8.96332400
Ti 13.10759765  13.41428060  10.85648500
O  14.60989056  12.40107868  11.51587756
O  11.60609867   9.75495780   9.48432370
O   9.95873224  10.13775104  11.75791163
O  13.95470194  10.90527933   9.33551804
O  13.45897391   9.71670655  11.83393352
O  11.69102563  11.90966124  10.97987243
O  10.08256200  11.99517092   8.93938726
O   8.71292836  12.93257219  11.56923257
O  12.66248897  13.28439011   9.00203336
O  12.82194956  14.85839981  11.56916908

