Ti 11.01986469  10.20836529  10.17799396
Ti 13.42841444  12.72697667   9.46587147
Ti 13.43893586  10.81538970  11.42229042
Ti 11.07931330  13.43123438  10.75184044
Ti 16.32636566  11.49444315  10.09815119
O  10.29145079   9.13776153   9.17074507
O  10.18579605  11.83169465  10.50391091
O  15.24911230  12.72101158   9.19150836
O  13.02276969  12.68838042  11.34073821
O  15.23154205  10.50860023  11.25831045
O  17.54534720  12.23293528  10.88821940
O  12.14539737  13.86953873   9.11860753
O  10.34848932  14.58431198  11.65623182
O  12.14988064   9.68204641  11.75052134
O  12.89853402  10.89802858   9.55513694

