Ti 13.00237669  12.54113397  10.22142543
Ti 10.19533857  12.26129308  11.00304313
Ti 15.73231493  11.91639532  10.62741904
Ti 11.51401944  10.02719979  10.01148058
Ti 13.83816614   9.99953456  11.66507280
O  14.62337972  13.06096956   9.57288378
O   9.20712622  12.65631399  12.25124312
O  14.11455658  11.87797140  11.76077758
O  11.50222527  13.53061318  10.33925228
O  12.70667265   8.81061797  10.90841223
O  15.36654116   9.91656182  10.85179693
O  12.66935878  11.06705448   9.08211755
O  17.02261768  12.57893852  11.38719388
O  11.79592070  11.13630931  11.49011518
O   9.84540196  10.66652806   9.91075001

