Ti 14.38720373   9.40173220  10.45114393
Ti 15.80082971  11.88466171  10.03986012
Ti 13.01444303  12.43050889  10.31686233
Ti 10.22810841  11.88477294  10.59343125
Ti 11.64139601   9.40182118  10.18222997
O  11.81630977  11.21288060   9.52206715
O  15.97360911   9.95649998   9.80889082
O  13.32772607   9.06742110   9.09636066
O  12.70076955   9.06768805  11.53709577
O  14.41341477  13.11245638   9.40973940
O  11.61541923  13.11256760  11.22377893
O   9.12362689  12.57090265   9.59977221
O  14.21268040  11.21279161  11.11147181
O  16.90580577  12.57065794  11.03292079
O  10.05491255   9.95672243  10.82419421

