Ti 11.81304118  12.74199605   9.58092476
Ti  9.58822573  12.53182589  11.33392751
Ti 11.29172120  11.53137280  13.37557250
Ti 13.51841208  11.74161178  11.62247976
Ti 11.15557056   9.87329495  10.70286992
O  11.52358669  11.13459118   9.06517557
O  13.58588132  12.90486531  10.15976170
O   9.72817295  12.54322674  13.19920127
O   9.34220313  10.92630204  10.79048180
O  11.56427408  12.20168302  11.49988161
O  10.18113172  13.59600444   9.91348545
O  13.12937756  11.86975089  13.44990986
O  13.20560637  10.14978272  11.07282428
O  11.01900824   9.94257173  12.79471063
O  10.88576220   8.35611047  10.18277839

