Ti 10.44818879  11.01172000  11.46150843
Ti 12.55797370   9.09305993  10.79734268
Ti 15.08285459  11.01172000  11.19351694
Ti 13.10793100  11.01172000   8.74233748
Ti 12.55797370  12.93038007  10.79736394
O  11.06085917  12.81731173  11.79965931
O  12.61176440   9.20581994   8.92741717
O   9.26328079  11.01172000  10.33645004
O  11.06083353   9.20612827  11.79970182
O  16.66050133  11.01174202  11.62312372
O  14.76795596  11.01169798   9.24140228
O  12.61179004  12.81759803   8.92743842
O  14.10985321  12.65607812  11.61090268
O  14.10990449   9.36736188  11.61092394
O  12.28109777  11.01174202  10.53581241

