Ti  13.09514895  11.44148300  8.70574821
Ti  15.40296254  11.44148300  11.09203890
Ti  13.09499181  9.05808479  10.87606204
Ti  10.78678537  11.44148300  11.09199663
Ti  13.09501800  13.82488121  10.87604091
O  13.09512276  9.51382194  9.16284991
O  17.04112310  11.44150588  11.23863689
O  14.51787028  9.78457320  11.61499030
O  11.67211334  9.78466473  11.61494803
O  11.39654179  11.44150588  9.29573274
O  9.14867719  11.44150588  11.23829876
O  11.67211334  13.09830127  11.61496917
O  13.09514895  13.36914406  9.16282878
O  14.51787028  13.09836992  11.61501143
O  14.79375612  11.44146012  9.29558481

