Ti 11.53490662  11.66147305  13.13236177
Ti 11.53700625  11.66266273   9.10693580
Ti 12.98780744  13.21222902  11.12082747
Ti  9.46801271  12.14620821  11.11887040
Ti 12.15552161   9.63218690  11.11929295
O  13.06154845  12.60920261   9.29096709
O   9.95667377  12.50999286   9.28947705
O  11.59496539   9.86967914   9.28969944
O  13.05979491  12.60796628  12.95057666
O   9.95482794  12.50903645  12.94897542
O  11.59305034   9.86851279  12.94866407
O  12.12580371  14.60090895  11.12078299
O   8.69073269  10.70837828  11.11815874
O  13.78945245   9.69239390  11.12038268
O  11.53670630  11.66168299  11.11973774

