Ti 10.75262266  12.37811935  10.88878801
Ti 13.05154096  11.04613996   8.79019957
Ti 13.05112331   9.88896341  11.76640244
Ti 15.35105965  12.37907890  10.88825762
Ti 13.05224576  12.85735857  12.51747526
O  13.05193252   9.63215372   9.84286396
O   9.11697084  12.35005821  11.01079922
O  14.50190941  11.97433391   9.17826639
O  11.71172128  13.77464636  11.80973951
O  11.59991955  11.97239140   9.17817799
O  16.98671147  12.34717955  11.00925226
O  14.33482024  11.28476491  12.14523167
O  13.05240238   8.58380476  12.76010542
O  14.39444087  13.77504423  11.81307654
O  11.76760910  11.28432024  12.14744162

