Ti  15.74300521  12.01622693  11.27563045
Ti  11.08877405  13.60261509  11.27621678
Ti  13.12028729  12.01569820  13.45658980
Ti  11.08857032  10.43084818  11.27511177
Ti  13.12021089  12.01750070  9.09469365
O  12.33744723  10.60246977  12.82283045
O  10.13220157  14.94088375  11.27687077
O  17.37680820  12.01680373  11.27560790
O  10.13164130  9.09257952  11.27452543
O  12.33788017  13.42950344  12.82361975
O  12.33762550  10.60374353  9.72764115
O  14.85715318  12.01738053  9.63878901
O  12.33749817  13.43080123  9.72838534
O  14.85725505  12.01565014  12.91253955
O  10.13240530  12.01680373  11.27572065

