Ti 15.77307973  10.70259023  10.90616494
Ti 11.73992596  13.09170197  10.90537970
Ti 12.96789765  11.07903592   9.10039842
Ti 11.32985742   9.38653484  10.90723373
Ti 12.96738410  11.08072992  12.71284757
O  17.20806285  11.48398976  10.90581594
O  12.28174539  11.15553315  10.90625219
O  12.40661472  12.80153854  12.72789798
O  10.12463593  13.29778977  10.90492164
O  12.40669176  12.79986684   9.08235973
O   9.70681281   9.52392671  10.90664480
O  12.06934169   9.49934150   9.09549067
O  12.06970118   9.50139212  12.71782075
O  14.76467574  10.88400367  12.45332602
O  14.76426490  10.88253257   9.35898204
