Ti  12.36927423  10.05311696  12.59980635
Ti  14.98349827  10.73786122  10.89809064
Ti  9.67743908  10.73766793  10.89787267
Ti  12.36879624  9.60806755  9.45470999
Ti  12.36962644  12.55508365  10.64184807
O  12.28497120  8.97789408  11.14801215
O  14.16424191  10.06394091  12.56739459
O  14.16399033  9.62617191  9.48250084
O  16.62467771  10.73809745  10.89756752
O  10.31259232  12.38346807  10.66654379
O  10.31256717  9.71428838  9.58734320
O  12.28648066  11.40331993  9.24979876
O  14.16461927  12.52070040  10.64509579
O  12.28635487  11.83518300  12.29914201
O  10.31264264  10.11597753  12.43988361

