Ti 12.99451766  10.77753193  13.41088608
Ti 10.70606242  12.36230111  11.41054137
Ti 15.21856936  12.06057753  11.41791445
Ti 13.35930757  13.22236669   9.66870254
Ti 12.45907773   9.92023169  10.35688620
O  11.69968385  11.89542431  13.04716260
O  14.55558719  11.60576130  13.14236268
O  12.91594276   9.49418423  12.22175904
O  10.87596386  10.85728511  10.31751084
O   9.14935530  12.82411201  11.65878321
O  16.75031527  11.60636549  11.07427083
O  14.69074428  13.78612317  10.65131622
O  13.79172765  11.47785876  10.06920177
O  11.86607472  13.65364272  10.41739473
O  12.56485958   8.74208290   9.21457483

