Ti 13.77767052  12.95961146  10.04599003
Ti 15.97419673  11.42705698  10.82830238
Ti 13.39618987  10.18643612  10.77664862
Ti 10.89513022   9.34276555  10.25171703
Ti 11.00573361  12.65396315  10.58278316
O  12.19821832  13.75670683   9.56649599
O  15.30705847  13.25448883  10.95685532
O  11.82737009   9.48529798  11.73794135
O  10.19541212  10.94081284   9.99023441
O  10.20764597  13.42750850  11.77642266
O  14.43233866  11.32897751   9.43379890
O  17.54753201  11.18430003  10.44486361
O  14.96120299   9.93468816  11.58090800
O  12.41824373   9.32713399   9.33531212
O  12.75273171  11.93869956  11.26857508

