Ti 10.50864768  12.34409020  11.79280924
Ti 11.78368483  11.21851583   9.46922342
Ti 16.00220625  12.22251983  11.83035036
Ti 13.54597999   9.82923052  11.32980214
Ti 13.02328268  13.34165137  10.89792343
O  12.65608276   9.67715627   9.60282170
O   9.70432846  11.96827399  13.16622183
O  14.68008953  13.54650998  11.58252555
O  12.73924976  12.77517420   9.16337243
O  17.36061780  12.45359491  10.94733253
O  10.12322257  11.48007136  10.11120769
O  11.54336125  13.98497394  11.66459943
O  13.13882984   8.72935719  12.47090958
O  15.24125935  10.59391261  11.56045957
O  12.38571225  11.54857623  11.40829112

