Ti 10.91599722  13.18370972  11.17556380
Ti 13.64682600  10.04574501  10.01535911
Ti 13.99168173  12.76743658  10.24393457
Ti 10.59082140  10.44204632  10.99905683
Ti 16.03742500  11.04856317  11.11077993
O  12.05531484   9.32721317  10.46503164
O  13.51850151  11.56146913   8.95791209
O   9.15233261   9.69758970  11.24368817
O  11.01141733  11.87829205  12.32288068
O  12.56257554  13.86284319  10.80565346
O  10.41354543  12.10091332   9.90766615
O  14.01624895  11.30297125  11.42097100
O  16.96290331  10.84277823  12.44561661
O  15.77183774  12.84964149  10.35561456
O  15.36757639   9.49700789  10.16669391

