Ti 10.46629129  12.19775353  10.14037610
Ti 13.39963873  12.56016326  10.12784504
Ti 14.77641984   9.93246891  10.30929979
Ti 16.32963646  12.18687366  10.13605575
Ti 12.01996347   9.93728910  10.27125613
O  14.89266790  13.35540347   9.56241140
O   9.18485609  12.74739337  10.99789415
O  11.90923572  13.36697193   9.57330442
O  11.94305431  11.42241384  11.30682997
O  13.40850874  10.83260572   9.22659112
O  16.30910949  10.32701327   9.48200373
O  17.61214357  12.77183864  10.96814311
O  14.85142637  11.43258215  11.32136765
O  13.39076872   8.72209523  10.69622716
O  10.48837252  10.35694438   9.44735901

