Ti 11.32545876  13.37812109  10.26532398
Ti 13.46527148  10.60125469   9.71051264
Ti 10.27313689  10.05291796  10.27111858
Ti 16.14217003  11.33106899  10.21691846
Ti 14.05210153  13.02781303  11.01083944
O  13.00807472  12.43728037   9.51213070
O  10.25853548  11.85083872  10.52264519
O  10.70780352  14.47572964   9.21836566
O  12.66904993  14.03172557  11.53678131
O  12.00732879   9.53967048   9.69590200
O  15.76062321  13.21775317  10.46858994
O   9.75818868   9.24383140  11.59572057
O  17.44575125  10.65600420  10.93339888
O  14.33693364  11.16392167  11.31128896
O  15.04502341  10.32142903   8.94275010

