Ti 12.51783288  10.47506362  11.67171954
Ti 13.19873781  12.84271087  10.50057324
Ti 16.48089382  12.87109971  10.31301972
Ti 10.22760213  11.87050890  10.00306731
Ti 14.96156399   9.78053126  10.37566515
O  15.18245344   8.70834418   9.15446204
O  11.56893629  13.16497500   9.74648899
O  13.37813630  11.01745680  10.01640020
O  13.76744450   9.22096145  11.82997049
O   8.82570412  12.50752382  10.54344262
O  16.31946216  11.07425759  10.52292231
O  12.87978619  12.21022707  12.19521078
O  17.45560761  13.56315845  11.43128103
O  10.79795443  10.41340807  11.02574438
O  14.76703129  13.66436880  10.15430095

