  ID   Compositions    Enthalpies    Volumes    fitness  SYMM
                       (eV/atom)    (A^3/atom)    ()         
   2  [     5 10  ]     -8.4430     31.1101   -126.6455     0
   6  [     5 10  ]     -8.4394     32.1973   -126.5911     0
  19  [     5 10  ]     -8.4340     31.7669   -126.5097     0
   5  [     5 10  ]     -8.4321     37.9745   -126.4812     0
  11  [     5 10  ]     -8.4280     27.8432   -126.4207     0
   1  [     5 10  ]     -8.4278     39.9983   -126.4172     0
  14  [     5 10  ]     -8.4207     30.0090   -126.3111     0
  12  [     5 10  ]     -8.4182     29.7718   -126.2730     0
  29  [     5 10  ]     -8.4168     30.2769   -126.2513     0
   3  [     5 10  ]     -8.4026     44.0798   -126.0391     0
   8  [     5 10  ]     -8.3963     35.8213   -125.9438     0
  17  [     5 10  ]     -8.3903     37.0439   -125.8546     0
  18  [     5 10  ]     -8.3851     29.9213   -125.7763     0
   9  [     5 10  ]     -8.3803     40.1426   -125.7043     0
  16  [     5 10  ]     -8.3790     35.4984   -125.6854     0
  24  [     5 10  ]     -8.3778     44.4004   -125.6674     0
  10  [     5 10  ]     -8.3738     36.4504   -125.6077     0
  28  [     5 10  ]     -8.3719     43.9062   -125.5790     0
  15  [     5 10  ]     -8.3705     30.9460   -125.5572     0
  22  [     5 10  ]     -8.3639     32.6540   -125.4588     0
  13  [     5 10  ]     -8.3619     39.5184   -125.4292     0
  26  [     5 10  ]     -8.3552     34.7294   -125.3285     0
  25  [     5 10  ]     -8.3274     47.6456   -124.9117     0
  20  [     5 10  ]     -8.3209     35.9922   -124.8128     0
  27  [     5 10  ]     -8.2758     30.0295   -124.1363     0
