Ti  13.66651793  16.61929932  10.46248542
Ti  12.11892714  14.04078420  9.99347842
Ti  9.87649558  12.02421584  11.06103928
Ti  12.72355449  10.68026908  12.31004543
Ti  16.11647183  16.24232219  11.67559614
Ti  13.63513064  15.22090148  13.13097754
Ti  11.53467149  13.35358410  13.42071829
Ti  16.10785964  12.88791892  13.88243842
Ti  17.77507692  11.31404998  10.17424422
Ti  18.12671756  13.83041467  12.20969288
Ti  15.47330421  10.18994481  12.40158813
Ti  14.97302458  12.97599843  10.46939739
O  12.91808701  16.69782740  12.02674805
O  12.47011000  15.74834668  9.37329826
O  11.33161261  10.72572435  11.22690333
O  10.54770290  13.29757199  9.76034560
O  8.41379640  11.37117334  10.73202913
O  14.32361956  11.51396851  11.58028113
O  14.75892150  15.02418440  10.97765037
O  15.32389270  17.48411365  10.56857842
O  15.31302017  16.28288268  13.24789541
O  12.54378572  13.88904615  11.90202785
O  12.30115654  11.70973309  13.75626554
O  12.19843970  14.94951922  14.20001453
O  9.95060049  13.08140810  12.71975000
O  18.63343488  10.60028580  8.98374387
O  17.81733674  13.55569867  14.02056083
O  14.58933857  13.82906530  14.00945481
O  16.27692755  12.41754417  9.48016447
O  17.82720786  15.54049067  11.58332709
O  16.34353613  13.19525794  12.04982703
O  18.85403287  12.58274948  11.19037528
O  13.88119326  9.25414300  12.59149180
O  16.81019674  10.01013455  11.25605078
O  13.50900925  13.04293780  9.38231898
O  15.95006484  11.06497202  13.93707820

