Ti  16.69087618  13.80870832  13.43445474
Ti  15.08193769  16.26299455  12.12165410
Ti  14.83254088  12.20628062  14.87754151
Ti  16.78576223  12.16330617  11.28866701
Ti  12.53268776  16.35360653  13.37636666
Ti  12.24027267  13.19405711  14.72607796
Ti  15.49037923  14.31939422  9.83022162
Ti  14.89492423  10.30631711  12.60226680
Ti  13.34916115  13.40307402  11.55615689
Ti  10.15925288  14.43067209  12.78322391
Ti  12.08983158  10.50054997  12.44758169
Ti  9.97942279  12.34071487  10.82508616
O  16.32687320  15.62274943  13.28576324
O  15.90564908  12.03999970  13.07054265
O  12.59332305  15.23709215  14.70822199
O  13.74249850  13.20380717  13.61101654
O  15.61047536  16.09737600  10.31605376
O  16.73370327  12.98472225  9.59187568
O  14.83469863  10.41669415  14.48650832
O  14.05711922  17.48972700  12.96817677
O  18.00625244  13.12556823  12.31584711
O  13.37611928  12.59085161  16.00761193
O  13.44172558  15.28729966  12.09538211
O  16.30483145  13.32608034  15.15911637
O  13.56753016  11.51513912  11.70482342
O  16.27776408  10.37925710  11.30917016
O  13.76637024  13.72760796  9.78117390
O  9.92804666  12.54962581  9.20286534
O  10.40712014  13.71470502  14.38958664
O  10.67631901  10.63103651  11.35055105
O  8.89967748  13.59113361  11.82502030
O  10.81862077  16.19508856  12.74081911
O  11.83333335  11.45367135  13.92990163
O  11.47561241  13.46970827  11.69563322
O  13.44224453  9.18664986  12.49523090
O  15.48467078  13.77990855  11.61067378

