Ti  12.01296980  10.39749916  11.60610892
Ti  13.58198407  12.57220789  10.83574230
Ti  18.40701768  12.82840639  10.10243607
Ti  17.03294998  10.70761542  11.75813168
Ti  14.96912487  15.69676541  12.53387921
Ti  12.69861160  14.54667245  13.76908838
Ti  14.53353639  12.29757859  14.00279430
Ti  17.34800567  13.81302933  13.35046831
Ti  19.93354437  12.48374508  12.81584362
Ti  14.55417494  9.80117069  12.77042100
Ti  10.47579095  13.15463688  11.66975875
Ti  16.16952005  14.47931343  9.93485231
O  18.22514421  11.52401901  12.84175439
O  17.16377178  13.65944770  11.37024580
O  12.12630027  13.52707169  10.68260457
O  13.04005559  11.58646484  12.61296885
O  14.59348503  10.50263626  14.44271986
O  11.08250995  14.17474678  13.23550594
O  15.44411422  15.96131378  10.77601907
O  19.04793253  13.92656722  13.77604478
O  17.66566388  14.07734858  8.93378533
O  9.14717648  13.78553585  10.95642491
O  13.00622289  8.95093486  12.29428338
O  21.23247200  11.73828995  13.47723474
O  12.94591110  10.97656784  10.14725273
O  14.17653783  13.93949934  12.56214109
O  17.67686075  11.14460900  10.08309389
O  15.36743080  11.49886757  12.03769650
O  10.42737205  11.20883682  11.75728334
O  14.88829558  13.30305075  9.67392676
O  19.96973750  12.93896581  10.91807988
O  16.21291548  9.13343555  12.25424167
O  13.49909697  16.21937063  13.48453047
O  13.35517181  13.33034058  14.96777041
O  16.20232385  12.86750822  14.41690604
O  16.49885931  15.47060609  13.43784746

