Ti  16.94198457  12.96452921  10.93089474
Ti  15.51159121  10.12779759  10.92779815
Ti  11.29554608  11.47241742  13.39344088
Ti  15.76518169  15.48732661  10.99415029
Ti  14.79787587  12.90643729  13.47747432
Ti  12.86684083  11.18808501  10.05940535
Ti  11.51854876  14.23417505  13.97259792
Ti  10.06277233  14.60839870  10.72784348
Ti  13.45817828  14.36504345  10.01099452
Ti  14.20176076  10.09496415  13.41495155
Ti  10.14084328  11.31683346  10.78322755
Ti  14.25452871  15.71527341  13.45527814
O  16.99005493  11.08800765  10.51701529
O  10.52126903  14.59508435  12.59735701
O  14.12638558  14.58347631  11.95553538
O  11.75711224  11.95212173  11.50726249
O  14.95836841  11.34209194  14.46682327
O  13.13786049  12.69956076  9.16902911
O  12.58792067  15.79632288  14.20044554
O  9.41845340  12.83989140  10.26784609
O  15.41166039  13.46763057  10.25761080
O  15.31199647  9.01288257  12.41073423
O  9.81860374  10.77619339  12.52388981
O  15.48287177  16.65984234  12.43659431
O  8.97722571  15.78218123  10.36454955
O  10.64153834  12.67825781  14.61243395
O  14.26218901  9.96955075  9.65368103
O  16.45783788  12.89051178  12.65969068
O  14.59996267  15.79549558  9.62179324
O  12.42051519  10.02544516  13.76772652
O  14.27620175  11.26432581  11.89714928
O  17.46568721  14.79198157  10.85189622
O  12.83118176  12.97393974  13.52751617
O  11.83635760  15.00028002  10.05536323
O  15.06014090  14.43306296  14.45254586
O  11.26960250  10.45636466  9.56326531

