Ti  17.88180146  13.74753117  10.94465143
Ti  14.98951072  12.68105705  14.47003524
Ti  11.99539653  11.68267414  13.78636367
Ti  14.91452353  14.43837903  11.63373705
Ti  16.00899207  9.78469621  12.63230951
Ti  15.94074364  11.62118196  9.86186587
Ti  13.05326205  11.25566433  10.14986877
Ti  12.82907234  9.37721165  12.22217055
Ti  17.72188223  11.70135907  14.02630456
Ti  10.36298548  14.10032032  13.44791166
Ti  11.85984962  14.11888167  11.05824806
Ti  20.15596743  13.27773882  12.89890230
O  11.70972682  9.81598604  13.56788211
O  13.39168403  15.18755547  10.97029434
O  19.43910657  12.18390462  14.28320127
O  15.52038792  11.40556388  13.27744289
O  11.89591828  12.63315839  9.92784346
O  10.40849433  12.34289948  14.25745992
O  17.54804021  9.86855593  13.63105424
O  17.41522443  12.65718187  9.50522758
O  17.71143271  12.66971263  12.39650299
O  10.28672180  14.74114399  11.59315628
O  14.87153801  12.74410631  10.85615631
O  21.75833610  13.46322870  13.11354480
O  19.60092571  14.16920244  11.29789364
O  12.10238537  13.38846429  12.73089446
O  10.63449490  15.30559674  14.51974607
O  16.62676060  12.53078676  15.29715456
O  14.45189476  11.08937840  8.92818819
O  16.36682878  10.18160254  10.89309490
O  14.49250540  8.72385722  12.72082924
O  12.38760978  9.55499029  10.41372992
O  13.34397840  12.05053975  14.99175287
O  14.89567284  14.17797644  13.44296519
O  16.56634931  15.04123967  11.14364241
O  13.21050953  11.16577403  12.07576970

