Ti  16.55850496  14.67672450  10.53387992
Ti  17.09809144  12.58866666  12.84346116
Ti  15.09596060  14.04251865  15.16806557
Ti  14.28461549  12.92140323  10.52488595
Ti  15.38579548  10.40340719  13.00859141
Ti  13.18996007  10.03126455  11.34724855
Ti  10.09921706  10.86082661  11.37624849
Ti  10.21430602  15.46520638  12.88965179
Ti  10.28153038  12.25495137  13.82405282
Ti  10.90254017  13.43242005  10.50124252
Ti  13.80880392  15.22410822  13.02864721
Ti  13.42532556  11.80294063  14.74425285
O  12.64408969  13.76500208  10.17148030
O  14.87487428  14.83009908  11.57177387
O  13.69641569  11.19832797  10.07992121
O  14.76344869  10.51951342  14.74123825
O  13.33529198  11.05316942  12.80653855
O  17.80458901  13.66960335  11.61263289
O  13.85923556  13.48089208  13.79729514
O  14.73721675  9.12902020  11.85076127
O  15.53519186  13.42757799  9.42366051
O  17.21596136  10.76658688  13.12202503
O  16.62695936  13.46646895  14.43514437
O  15.46713856  12.17230166  12.06706496
O  17.10932224  16.05961982  9.85168370
O  12.12544063  15.72209271  12.92199021
O  9.20302592  10.98728660  12.98370228
O  11.35249416  9.58288535  11.21495500
O  9.90786561  11.94042401  9.92338630
O  14.16832323  12.81696428  16.14925517
O  9.97971599  14.80176793  11.08522760
O  9.36172783  16.82283546  13.21769494
O  9.77871141  13.92265210  14.01798370
O  11.60975971  11.67462624  14.96033231
O  11.12151404  12.34800635  12.09728569
O  14.69710675  15.73862780  14.55939068

