Ti  19.88068215  13.09623385  12.16884751
Ti  17.22646662  15.04181044  12.71676050
Ti  14.89524714  9.67474947  13.35403482
Ti  17.17081238  11.70149873  13.08300279
Ti  14.57704413  14.46023663  13.41889194
Ti  12.98532688  11.63477354  13.91218344
Ti  16.10880256  9.68157049  10.42150223
Ti  13.71249542  11.69993820  10.47963780
Ti  10.75827211  12.56291058  11.45541914
Ti  12.93617531  15.11042337  11.13073258
Ti  17.78774096  11.90315931  9.68019709
Ti  15.33254351  14.21830434  9.86016971
O  18.89313238  11.79193388  13.27422518
O  15.89085654  15.63715215  13.91131082
O  21.50424106  13.11979280  12.37483374
O  18.98362012  14.71875583  12.70069952
O  13.81669065  13.17639972  14.49474193
O  14.19396714  13.67433423  11.52473372
O  15.65401312  8.70024963  11.96118679
O  16.71364168  11.32775210  11.24664995
O  11.42548183  11.98481020  13.20368421
O  13.46835558  9.91318316  14.49858619
O  13.29714935  15.65316015  12.82781948
O  16.41119159  13.35706868  13.13974688
O  16.31288845  10.45473696  14.13491460
O  11.35172394  14.35346626  11.01465012
O  11.97884918  11.55407910  10.35737623
O  9.17012675  12.26565503  11.19643874
O  14.52770938  10.13689250  9.80920381
O  14.13425256  11.14637839  12.43556359
O  16.87724621  13.32336629  9.09247362
O  17.41397529  10.09707385  9.19714122
O  16.48348410  15.13252247  11.10934152
O  19.29025268  12.41450933  10.44581776
O  14.06321174  15.52570020  9.68625828
O  14.29303351  12.81209178  9.20063172

