Ti  14.86470759  13.12810298  13.35542838
Ti  17.73125560  13.02555914  13.99949106
Ti  15.11909560  10.01890032  11.85247111
Ti  17.97822000  11.00557662  12.05854518
Ti  16.35400393  12.76581638  10.32865381
Ti  17.16709027  15.52663224  12.22564202
Ti  13.97240735  14.20911437  9.82702645
Ti  11.39653095  13.01045293  10.34535146
Ti  9.77642952  12.70452611  12.98560181
Ti  12.16211196  14.85453736  13.19502023
Ti  12.47588882  10.70224617  12.30900999
Ti  14.59403369  16.52062561  12.03554380
O  16.07173424  13.00735826  14.78365523
O  16.33561755  17.18619020  12.01860555
O  14.19730234  11.33285145  12.96721996
O  18.02428664  11.70195682  10.40973607
O  17.21891164  14.49880727  10.80963767
O  16.75919474  12.41278757  12.47990831
O  18.88280660  11.65760858  13.57160766
O  16.87713800  9.58294476  12.36608036
O  18.21307068  14.70874677  13.56378815
O  13.47827713  9.15821394  11.92763461
O  15.44366259  13.50874781  8.92946740
O  15.42421159  10.95850087  10.42075556
O  8.29714642  12.35283483  13.58847374
O  12.41917592  13.75721337  8.95663117
O  9.76333750  13.00082798  11.04650856
O  13.04416878  16.52484800  13.02400161
O  13.35020553  13.74764086  14.06873579
O  11.07153236  11.23883107  13.26229204
O  14.73246381  13.29062578  11.28513584
O  12.30736144  14.15209894  11.49128209
O  12.20423661  11.40775304  10.67583989
O  10.53124918  14.39573891  13.66941164
O  14.22596092  15.97349784  10.36664458
O  15.46127207  15.04008663  12.87947307

