Ti  10.93377784  14.25440532  10.34464838
Ti  10.80782303  11.16037608  10.18046679
Ti  14.34317612  10.69459387  13.70158143
Ti  13.14917172  15.72587936  10.98410368
Ti  11.72598392  13.45475429  13.49662690
Ti  13.68230449  11.62646661  10.14412414
Ti  15.00649055  13.36002023  13.53249572
Ti  17.93649752  12.94960875  11.36522767
Ti  15.78030706  14.21794542  10.18643703
Ti  11.25658336  10.58832317  12.90566794
Ti  15.87886965  10.24964955  11.39451027
Ti  13.42339585  15.73438410  13.87194649
O  9.99431798  12.69921998  9.72803161
O  16.17664340  13.74306751  12.00034744
O  13.41831813  14.41440233  12.53141447
O  14.64147137  11.58879910  11.98999429
O  10.63551004  11.97464704  13.88556906
O  13.28706603  16.89462579  12.48677982
O  14.96463370  14.93565805  14.49524424
O  17.43468192  11.09827349  11.23459314
O  12.64233330  13.80260069  10.24213557
O  10.18867101  9.98723595  11.50543353
O  15.47015466  9.42073297  12.98110145
O  14.92414920  12.78200629  9.45728598
O  19.28393129  13.32235271  12.21963529
O  15.63401394  11.91185072  14.42400412
O  12.25886966  10.98539942  9.10885616
O  10.69811691  14.17141345  12.12678859
O  14.73676775  15.76169690  10.10598094
O  12.69319280  9.78409859  13.69355004
O  12.05559632  11.63838866  11.55653594
O  11.52570232  16.03860196  10.18769267
O  13.29845658  12.43598417  13.97483835
O  17.50980467  14.05969561  9.82744083
O  11.93227643  14.92987688  14.58730912
O  14.71909181  10.09638439  9.98731058

