  ID   Compositions    Enthalpies    Volumes    fitness  SYMM
                       (eV/atom)    (A^3/atom)    ()         
  10  [    12 24  ]     -8.7569     27.2848   -315.2485     0
  26  [    12 24  ]     -8.7536     32.8680   -315.1295     0
   1  [    12 24  ]     -8.7499     22.7232   -314.9977     0
   4  [    12 24  ]     -8.7492     34.2460   -314.9714     0
  18  [    12 24  ]     -8.7454     33.1929   -314.8359     0
   7  [    12 24  ]     -8.7433     34.5324   -314.7588     0
   9  [    12 24  ]     -8.7418     29.3837   -314.7057     0
   6  [    12 24  ]     -8.7414     27.1037   -314.6907     0
   3  [    12 24  ]     -8.7412     31.0471   -314.6843     0
  25  [    12 24  ]     -8.7409     35.5292   -314.6725     0
  28  [    12 24  ]     -8.7406     41.3292   -314.6600     0
  24  [    12 24  ]     -8.7367     34.9356   -314.5221     0
  15  [    12 24  ]     -8.7326     35.2481   -314.3719     0
  13  [    12 24  ]     -8.7323     35.9025   -314.3624     0
  12  [    12 24  ]     -8.7299     27.5821   -314.2777     0
  16  [    12 24  ]     -8.7255     41.0433   -314.1164     0
  27  [    12 24  ]     -8.7238     38.9293   -314.0562     0
  29  [    12 24  ]     -8.7236     32.1375   -314.0506     0
  11  [    12 24  ]     -8.7190     36.4488   -313.8851     0
  20  [    12 24  ]     -8.7174     35.4465   -313.8279     0
  19  [    12 24  ]     -8.7168     38.1466   -313.8041     0
  17  [    12 24  ]     -8.7110     30.4402   -313.5948     0
  22  [    12 24  ]     -8.7105     37.7035   -313.5766     0
  14  [    12 24  ]     -8.6997     39.3418   -313.1882     0
