36
# E(PBE) = -314.759 eV
Ti  17.03663675  13.02993424  10.39771554
Ti  15.95639833  9.69660242  12.83435206
Ti  14.88853141  11.22867201  10.24528394
Ti  12.97685592  10.23291794  13.40276011
Ti  16.23372129  13.29870800  14.48708668
Ti  18.03480907  11.45129494  13.27686003
Ti  9.83718385  10.78059253  12.54255513
Ti  15.35864812  14.60667626  12.02491606
Ti  13.48909729  13.13487625  15.00342910
Ti  10.78099998  13.85707638  13.57960371
Ti  12.11465806  12.06852842  10.61315952
Ti  12.11185908  14.86852616  11.36935792
O  15.69374203  9.74400989  11.05758754
O  16.32961435  11.86438553  9.19459556
O  16.53315619  14.79359574  13.46412674
O  17.77895429  9.61876447  13.25524083
O  14.45538922  9.07892542  13.62847758
O  13.36370298  11.42404303  9.32543289
O  16.15585366  11.51646790  13.39488045
O  13.38813807  11.08817439  11.80949701
O  15.40010102  12.78713110  11.28081144
O  18.00239688  12.59777225  14.67579965
O  18.19051634  12.26283992  11.62549688
O  16.64620700  14.79913976  10.65854240
O  15.12104269  13.32243638  15.93273075
O  11.29005050  9.73026074  13.28887902
O  14.45530525  13.50583234  13.52290005
O  13.83029297  15.52924934  11.63793977
O  13.07258104  11.39992042  14.82356828
O  8.42823320  9.95310543  12.45226316
O  11.89353863  14.06590088  15.04045853
O  9.68030101  12.47974636  13.49644333
O  12.09330184  13.26426120  12.34404245
O  11.91304752  13.84973364  9.91623315
O  10.69383973  15.33942233  12.44660277
O  10.58775838  11.25148870  10.79199797

