36
# E(PBE) = -314.684 eV
Ti  13.33974438  13.38006572  13.34821825
Ti  13.71755179  10.05432467  13.49787978
Ti  16.82072418  10.57934837  13.34754399
Ti  16.44237386  13.90501753  13.49713577
Ti  13.71948214  10.05430071  9.75320273
Ti  13.34119215  13.37999384  9.90246901
Ti  16.44427405  13.90513733  9.75245872
Ti  16.82208146  10.57942024  9.90198075
Ti  11.65345533  9.71127310  11.62451825
Ti  19.48371444  10.73283268  11.62586676
Ti  18.50837051  14.24821286  11.62582026
Ti  10.67823204  13.22682100  11.62419274
O  16.33415312  10.90335217  11.62454150
O  18.01775776  14.85611233  13.31736523
O  11.65641119  13.88108203  13.17984031
O  13.52916083  10.33766927  11.62551800
O  18.01950714  14.85635193  9.93392653
O  18.50544481  10.07854769  10.07028894
O  12.14409824  9.10318195  9.93301977
O  13.82752191  13.05615775  11.62558775
O  10.83733583  11.25217798  11.62423924
O  18.50420817  10.07837997  13.18056106
O  16.63269517  13.62181669  11.62482050
O  9.10818679  13.68267372  11.62349524
O  11.65773832  13.88105807  10.06938218
O  19.32467098  12.70737986  11.62598301
O  21.05363905  10.27674036  11.62642476
O  12.14225837  9.10318195  13.31648173
O  14.77394063  14.48950860  9.35992561
O  13.46093471  11.70467638  9.10456868
O  15.38948379  9.46964192  9.35948386
O  16.70276116  12.25478562  9.10382467
O  15.38791537  9.46995340  13.89025014
O  13.45906468  11.70474825  14.14639758
O  14.77240237  14.48977216  13.89073839
O  16.70089112  12.25461791  14.14565357

