36
# E(PBE) = -314.660 eV
Ti  16.22292948  11.99170624  9.57431293
Ti  13.13602325  11.82906340  10.04282210
Ti  13.34637650  9.62299376  12.54075422
Ti  19.23890020  13.58808529  12.95322443
Ti  16.58745003  9.62042649  12.50665100
Ti  18.44347113  10.74914626  10.75889173
Ti  16.78392133  12.31146616  14.47484485
Ti  16.44662614  14.45924649  11.75415238
Ti  13.44702055  14.52333050  12.23000609
Ti  13.70410567  12.57926938  14.88197801
Ti  10.66785056  13.38461059  11.25841940
Ti  11.48900909  11.09484786  14.01181962
O  16.50239324  13.67322094  10.06284825
O  14.58845094  11.70529641  8.84431313
O  16.50023914  11.00406421  11.21396036
O  13.03890952  10.16297678  10.88112961
O  11.51342215  12.46293525  9.76035051
O  19.13993155  12.03246475  11.70665759
O  14.96709277  8.75073231  12.61748033
O  18.08352803  14.95416776  12.20833966
O  18.16756761  9.15792620  11.69897029
O  16.89177562  10.50388614  14.01194203
O  17.84340641  11.24208707  9.08100366
O  20.77883795  14.09645418  13.16251976
O  13.80893823  12.95668291  11.29445668
O  12.09368118  11.94537308  15.53833641
O  18.39799582  13.00978878  14.61681510
O  11.77137489  9.33866220  13.43468449
O  11.80491293  14.89754106  11.68078027
O  13.42703535  11.25697725  13.49838626
O  10.78201754  12.14623160  12.81925974
O  9.11944603  13.80835729  10.94798954
O  14.95189444  15.53852792  11.87971979
O  16.09823138  13.12837233  13.00794136
O  15.33215184  12.45941442  15.66938776
O  13.40660137  14.11755472  14.04812620

