36
# E(PBE) = -314.673 eV
Ti  18.26650319  14.09587839  10.31205160
Ti  17.86967475  12.21710189  12.88128467
Ti  16.68722773  15.13954205  12.87848756
Ti  15.11863254  12.96822267  10.55583086
Ti  15.68895924  10.50950597  13.25069500
Ti  13.81597620  10.19861582  11.08960154
Ti  10.74399171  11.08996592  10.46374126
Ti  10.64843136  15.65165451  12.17779850
Ti  10.32540924  12.39207667  12.92297841
Ti  11.78928151  13.65195751  9.86551742
Ti  13.96552817  15.15056081  13.36924961
Ti  13.27527321  11.93648734  14.16551870
O  13.57999833  13.78491028  9.84036730
O  17.70339972  15.54713222  11.49087984
O  14.65058352  11.21304339  9.91718036
O  14.62570972  10.85495968  14.75417975
O  13.73809451  11.50353324  12.41913925
O  18.85366539  12.63719210  11.47091753
O  15.10955430  14.36183591  12.07621783
O  15.04580992  9.23343483  12.07033672
O  16.51254901  13.48431124  9.67213403
O  17.45244135  10.56044175  13.70083913
O  17.47827076  13.76671893  13.79366986
O  16.19374279  11.98141997  12.10746422
O  19.34959554  14.52529817  9.16368083
O  12.45856941  15.86652032  12.79292455
O  9.47160553  11.17567316  11.78486372
O  12.03475921  9.82631688  10.62532839
O  10.87757948  12.21367152  9.04467198
O  13.62418094  13.67719151  14.43872742
O  10.89674776  15.08525387  10.33569558
O  9.75480147  17.01067819  12.35033502
O  9.86851829  14.07472445  13.06429244
O  11.44487074  11.69516610  14.20704508
O  11.55617045  12.54272703  11.44791904
O  15.43164892  16.15376172  13.82364918

