36
# E(PBE) = -314.836 eV
Ti  10.33071483  10.37855725  12.37917948
Ti  13.49930309  9.99183536  12.01898252
Ti  16.73185453  10.02132017  12.10377450
Ti  15.90135648  13.19130990  10.83917975
Ti  13.23278531  12.86950416  9.92887381
Ti  10.39141927  12.87371627  10.28035875
Ti  10.17930387  11.84434920  14.76539673
Ti  10.80544289  13.99324743  12.82309194
Ti  13.58788200  14.84862929  12.84592344
Ti  16.56808183  14.77008569  13.14949227
Ti  16.29356529  12.33741467  14.51127111
Ti  13.23857566  12.01697167  14.89547620
O  9.82089455  13.59403784  14.40222065
O  11.66085291  11.61411984  15.82045238
O  14.86140929  12.25592259  15.69733251
O  17.35322661  13.88224575  14.55185210
O  15.06875775  15.81459161  13.40619645
O  11.87444957  15.51005555  12.69478992
O  11.73383828  9.27550291  12.16578506
O  9.82983593  11.19719459  10.80575864
O  11.64191981  12.96467322  8.91282197
O  14.93654921  13.06573926  9.24029878
O  17.99431282  9.05704270  11.71033167
O  15.01712936  9.10585370  11.89764010
O  9.56251020  14.06423399  11.47200285
O  9.32171236  10.39647114  13.94546547
O  13.72192191  10.83817355  13.63093151
O  16.93373582  10.83990795  13.87694594
O  17.03879704  14.58445522  11.40203131
O  11.81517252  13.13667626  11.35476610
O  11.16129367  11.84400232  13.19863508
O  12.92309575  13.62149093  14.04800695
O  16.65824973  11.61711788  11.01497229
O  14.05698130  14.15880840  11.20137947
O  15.53694136  13.19601756  12.97072062
O  13.48979614  11.21761097  10.65940672

