36
# E(PBE) = -314.278 eV
Ti  10.19300424  12.37388089  9.89539249
Ti  11.90853884  9.68916499  10.18950382
Ti  14.65276455  11.94024722  13.76308192
Ti  10.64803548  15.04691476  10.39157763
Ti  10.63368753  12.61202843  13.18807383
Ti  14.31143306  11.28874766  10.15401724
Ti  13.24769787  14.42100687  13.25266034
Ti  15.91546140  15.25669907  10.97025515
Ti  13.49494191  14.53629888  9.70539527
Ti  12.22184539  10.12189207  12.95664462
Ti  16.57951850  12.03922065  11.74517719
Ti  10.54770306  15.48743849  13.27277250
O  10.55949625  10.59471621  9.34704579
O  14.03064165  14.81464709  11.54468263
O  11.39046437  14.29462860  12.13778238
O  14.70548552  12.23367068  11.90962779
O  10.75368386  10.82858984  13.74810231
O  14.10251042  12.76133041  9.21429623
O  12.22731619  15.78161313  13.99502205
O  17.01104078  13.71013880  11.34527961
O  11.70322900  13.29891079  9.96629599
O  11.76438842  8.74496724  11.79847675
O  16.43407779  11.58709260  13.55668841
O  9.91928358  16.22141159  11.72898992
O  16.45451587  16.67695877  11.57754488
O  14.63601668  13.78390910  14.23706472
O  13.49625800  9.79572785  9.33139267
O  9.73990843  12.21641962  11.63959996
O  12.05893424  15.75040062  9.49523944
O  13.78450725  10.27735884  13.89964024
O  12.55058371  11.04490158  11.30951433
O  9.36332640  14.03793487  9.54342966
O  12.54498389  12.67163007  13.55074301
O  15.00230224  15.35764109  9.27296057
O  9.77453962  13.99755288  14.06662228
O  16.13986744  10.94919186  10.33507314

