36
# E(PBE) = -314.998 eV
Ti  15.25312957  14.19638564  9.84386454
Ti  12.70084942  9.31494620  9.84370280
Ti  9.74851322  13.96591105  9.84525081
Ti  12.70117618  9.31437158  13.26009143
Ti  15.25375795  14.19583600  13.26029937
Ti  9.74916674  13.96511157  13.26064594
Ti  10.65524995  11.27861474  9.89735174
Ti  12.47282049  14.75369695  9.89772142
Ti  14.57452231  11.44363205  9.89774452
Ti  12.47347401  14.75302239  13.20764393
Ti  10.65565212  11.27789021  13.20695079
Ti  14.57494961  11.44308241  13.20646559
O  14.33719326  9.76185455  9.09532086
O  9.31731434  12.32555652  9.09594469
O  14.04806002  15.38938211  9.09513602
O  15.82111565  12.59645474  14.00814991
O  10.85105522  15.25459507  14.00999828
O  11.03238245  9.62212074  14.00888925
O  11.30414709  13.15161744  12.83103853
O  13.77189667  13.25524981  12.83055333
O  12.62705170  11.06747752  12.83064575
O  11.30382033  13.15211712  10.27365679
O  12.62677520  11.06797720  10.27379542
O  13.77146937  13.25577447  10.27418819
O  14.04904030  15.38873253  14.00965171
O  14.33754516  9.76115501  14.00858889
O  9.31806840  12.32445724  14.00930514
O  11.03215623  9.62319504  9.09478946
O  15.82031131  12.59712929  9.09569054
O  10.85010007  15.25586924  9.09633747
O  12.44112467  15.49911050  11.55284441
O  9.10094826  14.30586420  11.55314477
O  15.23862640  11.09773278  11.55196643
O  15.86801842  14.58800508  11.55203574
O  10.02465143  10.87707678  11.55210506
O  12.73226875  8.58549723  11.55178159

