36
# E(PBE) = -315.249 eV
Ti  11.34885521  10.59816169  13.81239018
Ti  14.47777745  10.20374735  13.61608380
Ti  17.71097746  9.85573885  13.25468044
Ti  16.77693816  12.98593949  12.79007354
Ti  14.24916310  13.77561233  13.66348292
Ti  11.15023089  13.37606264  13.93775310
Ti  10.34232365  9.84619505  10.63879821
Ti  13.57513089  10.18963098  10.27462492
Ti  16.70419340  10.58214593  10.07523819
Ti  16.90480958  13.35871028  9.92723832
Ti  13.80702760  13.76088628  10.20000413
Ti  11.27818647  12.97932684  11.07838027
O  14.89668400  12.04654398  13.46868090
O  15.99795488  9.43609325  14.06433382
O  17.84777014  11.80487726  13.47904423
O  15.95654676  14.28668607  13.91669213
O  12.68850333  14.11489776  14.62409713
O  10.43456613  11.91473643  14.76710637
O  12.05492541  9.41834226  9.83253559
O  15.15402594  9.96264342  9.32879159
O  17.61904357  11.89023209  9.10951395
O  15.36664935  14.09194106  9.23480522
O  13.15751484  12.03388145  10.40791554
O  10.20659702  11.79357478  10.39862674
O  10.54350091  9.65679644  12.56408600
O  14.02660847  9.66664508  11.94744374
O  17.50996852  9.65077002  11.33070597
O  16.03594038  12.10453367  11.07135995
O  12.01834262  12.11192015  12.80409031
O  10.43515527  14.02039778  12.40768084
O  12.89891045  9.98473250  14.56401845
O  18.96023468  9.01475932  13.89071216
O  17.62055850  14.01512172  11.45198563
O  14.02888087  14.27960444  11.92955863
O  12.10031723  14.27165518  9.94326089
O  9.09222479  9.00078364  10.00997784

