36
# E(PBE) = -315.129 eV
Ti  11.38086806  9.95641383  13.11458316
Ti  14.44463351  10.33111397  13.22361934
Ti  17.75388925  10.61701708  13.02649651
Ti  16.77810758  13.75986604  13.66042952
Ti  13.81163488  13.62732834  14.51859653
Ti  10.87082241  12.95111051  14.50464660
Ti  10.64129355  10.91138533  10.63580920
Ti  10.33758279  13.96787005  12.01690132
Ti  13.17791577  14.83354802  11.43433164
Ti  16.28568603  14.82140887  11.11005745
Ti  16.20260894  12.00654045  10.52632938
Ti  13.43906269  11.50526047  10.10344448
O  9.85993111  12.55823887  10.91409300
O  11.86292576  10.83294009  9.28855675
O  14.96872855  11.59586969  9.13951928
O  16.89981358  13.66359685  9.88517494
O  14.67984308  15.65871251  10.73340940
O  11.37327529  15.32375630  11.32182030
O  12.97047245  9.15902789  13.46744731
O  10.72991281  11.10854105  14.39595547
O  12.22435819  13.64468062  15.52629394
O  15.54123442  13.98854881  15.02094180
O  19.05773951  9.67892620  13.34569353
O  16.08021018  9.85083547  13.66121821
O  9.53308180  13.96077025  13.69030110
O  10.15180935  9.52933411  11.77958003
O  14.66981176  10.89798013  11.46573130
O  17.47606041  10.95740984  11.11599726
O  17.28272191  15.21020929  12.61142455
O  11.72728122  13.20228422  12.91509426
O  12.07114498  11.07850348  11.80299421
O  13.20848082  13.25436590  10.51560815
O  17.86021573  12.39027669  13.82482178
O  13.68549515  14.86296499  13.17770288
O  15.76555364  13.26737391  12.08386590
O  13.99078543  11.87596388  14.07875482

