36
# E(PBE) = -314.691 eV
Ti  17.64954814  12.43808634  13.34887940
Ti  15.91588532  10.07764802  10.29057859
Ti  15.92089835  10.22706618  13.19976555
Ti  15.50656313  13.97539646  9.96184821
Ti  17.67255738  12.25487378  9.90992381
Ti  15.45412348  14.12086556  13.07789455
Ti  13.03694274  10.10220401  10.15324669
Ti  12.65048897  13.17483776  9.98210572
Ti  9.75890116  13.18431551  11.57075963
Ti  10.65327606  10.01963271  11.72045559
Ti  13.02953585  10.30245737  13.28065586
Ti  12.61934060  13.41939242  13.24754532
O  16.67749947  9.32885794  11.78639725
O  17.48133007  10.79982382  14.11070121
O  15.81858189  14.93944634  11.48069524
O  17.49234183  10.54851985  9.33614751
O  14.58027947  9.29286164  9.38839789
O  14.54831437  9.57255099  14.15384737
O  15.84640701  12.11014663  10.35447122
O  14.32892399  10.32019225  11.71244573
O  15.83604300  12.21461728  12.90735898
O  17.14109191  13.82590650  9.09668985
O  18.32903875  12.43892402  11.62755049
O  17.08873675  14.08068086  13.96556901
O  13.95291872  14.22081273  9.08623512
O  13.96176193  14.52809765  14.00212566
O  11.45533238  9.36873150  13.28477721
O  13.58493993  13.40869405  11.62841202
O  12.90173179  11.56318953  9.12281505
O  12.08660780  11.20358552  11.64571239
O  11.45248791  9.18580615  10.24414932
O  10.95405774  13.60037914  10.07154143
O  9.39151379  11.26191198  11.66298948
O  8.37882580  14.05511965  11.50477139
O  10.91696697  13.78900072  13.03002165
O  12.86159941  11.85216516  14.17326663
