36
# E(PBE) = -314.706 eV
Ti  14.34630228  13.68752900  13.94846671
Ti  10.47406149  10.82562526  10.08133271
Ti  13.58488645  10.77130111  9.90076200
Ti  16.84647366  12.75665248  13.21552593
Ti  12.11712415  14.59764022  12.46632647
Ti  14.56751261  13.95776862  10.52969915
Ti  17.06265198  9.82460226  13.16953842
Ti  17.74949237  13.64432652  10.15908138
Ti  9.64739922  12.94790159  11.64918554
Ti  14.16998422  10.38126729  13.48795351
Ti  16.68805032  10.38126729  10.44453009
Ti  11.53943303  11.11701786  12.73206624
O  11.98965611  10.41477768  9.05564100
O  17.93991700  13.52416887  12.09407811
O  16.09311470  13.94323049  14.45168260
O  11.28410119  12.27527074  10.95632432
O  17.68410458  9.24758385  11.53355506
O  13.35250960  10.65422070  11.75266926
O  10.28434360  14.62787953  12.09826094
O  12.41047872  10.17300857  14.03058727
O  16.05051227  11.07073814  12.13642632
O  16.07239301  14.58031561  9.85061529
O  12.50212905  12.90804288  13.08926114
O  14.08591017  12.46504181  9.58504094
O  19.02634946  14.31872618  9.38979487
O  14.58221284  11.83408693  14.42268636
O  15.10319496  13.42705415  12.24099711
O  10.65778621  9.85677999  11.54754510
O  17.74850293  11.26448297  14.00107113
O  9.86419947  11.94874432  13.11031709
O  13.23827178  15.18246076  13.82948051
O  15.50061026  9.12587547  13.83680638
O  15.12612168  9.80669613  9.64563291
O  17.46953763  11.76435236  9.71021867
O  8.93223260  11.88979220  10.27409743
O  13.06285836  14.94764571  10.94545369

