36
# E(PBE) = -314.362 eV
Ti  18.39326539  12.63108446  12.70599659
Ti  15.57040777  11.16820614  13.22060734
Ti  16.75452550  12.83860211  10.02671307
Ti  14.16611542  11.70799938  10.24066946
Ti  13.22832526  9.72807901  13.22082463
Ti  11.52908732  10.46802088  10.81556560
Ti  12.37988866  12.76457701  13.84079599
Ti  10.45560585  12.89716775  11.66670740
Ti  12.99880427  15.52589640  14.18070707
Ti  12.12086467  15.61177377  11.47897045
Ti  14.69809851  15.02957004  9.97697823
Ti  15.53257185  14.22588362  13.10950067
O  18.35405004  12.66280215  10.75590794
O  14.63146339  12.64064357  13.91365995
O  19.90261996  12.62240139  13.33960882
O  13.73643569  13.48483382  9.91432682
O  11.89612947  9.13433221  11.99836154
O  17.32586470  11.11608195  13.27432580
O  12.76339957  10.67981565  9.51565136
O  12.42470620  10.96653733  14.25345032
O  12.14110575  12.05846561  11.70504669
O  9.90554936  11.36590702  10.77770918
O  15.67150060  11.46971738  9.28998555
O  15.68222641  12.65319151  11.57725712
O  14.83412763  9.62256811  14.06100545
O  14.25417401  10.55111554  11.86605720
O  10.52863142  12.95622293  13.45288837
O  12.98137835  14.34994588  12.67260665
O  10.65959323  14.59915257  10.99333145
O  15.32261631  15.32878813  11.60200382
O  12.38093027  14.06737249  15.12820409
O  16.27724121  14.42000306  9.19534449
O  17.24222593  14.07116006  13.39757646
O  13.14983826  16.16893315  10.11667036
O  12.08274723  16.65801931  12.98994391
O  14.75493684  15.53926884  14.30132614

