36
# E(PBE) = -314.522 eV
Ti  15.67265419  12.28106345  10.38126370
Ti  18.11263045  13.80076637  12.57515972
Ti  18.12951580  10.43558113  11.58006283
Ti  15.15642847  9.73968442  12.65526386
Ti  16.77822753  15.02920029  10.35187074
Ti  13.55421872  11.69215159  14.04695130
Ti  15.38940028  14.34719409  13.50141897
Ti  10.09090969  11.94477094  10.52760918
Ti  11.93057867  14.53538890  11.71518945
Ti  10.88288152  12.39675844  13.49958489
Ti  14.14583882  16.23107211  11.78047802
Ti  13.06704616  10.82763884  10.88797064
O  16.93468310  11.09557075  10.19618811
O  18.60256449  12.13139132  12.47981125
O  18.43842853  14.97249553  11.15886700
O  17.15560216  14.32586315  14.05574061
O  16.89282929  9.34950587  12.55455607
O  14.92915223  11.53305829  12.19562376
O  19.42922752  9.61588875  11.01676134
O  16.27189714  13.74624548  9.25942456
O  16.32531468  13.75833302  11.78095440
O  12.43081076  11.99599060  12.43865159
O  14.44548906  13.23470909  14.54408291
O  13.88833003  14.39892163  11.87732709
O  14.90283179  16.12060829  13.45585274
O  13.84293807  9.25115498  11.44431691
O  14.36540590  10.08834381  14.29731546
O  11.93046360  11.69471638  14.88041075
O  14.10602736  11.72257358  9.66397074
O  9.66066406  11.71317781  12.43698424
O  12.35837923  16.35435990  11.47373369
O  11.06583011  14.21141246  13.28928471
O  11.08858363  13.65706182  10.45100647
O  11.45663824  10.63147032  10.20559671
O  8.80543689  11.86239285  9.52029301
O  15.54119584  16.36515234  10.56693476

