36
# E(PBE) = -314.971 eV
Ti  11.61264252  13.95203995  10.50008645
Ti  11.70501063  11.32083452  9.70364479
Ti  13.99662467  10.59581698  13.57031014
Ti  13.93996588  15.73788692  11.21602647
Ti  11.09120244  13.39696521  13.39076825
Ti  14.55805918  11.53259047  9.96517331
Ti  15.23292330  13.30147647  13.59133972
Ti  18.31313914  12.91444859  12.43722744
Ti  16.20684946  14.35431221  10.29175463
Ti  11.16839059  10.64365102  13.02013977
Ti  16.28756653  10.24207052  11.87970391
Ti  13.00216914  15.49546286  13.88017318
O  10.83350719  12.85954320  9.20398854
O  16.95232001  13.37354779  13.76542062
O  12.73265481  14.42879189  12.42999403
O  14.92024970  11.59807725  12.04022815
O  15.34027531  9.38351735  13.21266347
O  15.46902491  12.93650810  9.30884905
O  14.46006161  14.69506892  14.55436540
O  17.82281518  11.06998122  12.13462177
O  15.13355337  14.24911318  11.79716638
O  11.03714834  10.41995577  11.16563211
O  10.07075614  11.88871966  13.82769502
O  13.59959305  16.80681253  12.66771458
O  19.86034691  13.10247968  12.93626095
O  14.65070736  11.83829792  14.66269891
O  13.23813072  10.69988869  8.92844828
O  10.32007721  13.89055002  11.80851948
O  15.37998968  16.00905752  10.08454854
O  12.41978516  9.58604981  13.82539566
O  12.83748617  12.48606873  10.60695890
O  12.53016197  15.45101077  10.03204644
O  12.41351152  11.97314021  13.05721699
O  17.82640011  14.03207934  10.92029493
O  11.41869191  14.77372479  14.57529918
O  15.74974217  10.13507804  10.13808058
