36
# E(PBE) = -314.372 eV
Ti  13.32011094  12.77451085  10.43308380
Ti  11.38155159  9.91984380  12.34845424
Ti  13.87385094  9.87241249  10.54817992
Ti  12.96932645  12.01349556  13.52936638
Ti  10.23609743  12.42007514  12.67652142
Ti  10.89369035  15.11825961  10.89073018
Ti  16.28297694  10.79362945  11.66027936
Ti  13.61403376  15.44536245  12.69561604
Ti  15.35549728  13.74652160  14.49562617
Ti  18.77283002  13.12991454  10.84322181
Ti  15.99118750  14.38666601  11.09846523
Ti  17.71501509  12.47305964  13.71606131
O  12.43495753  10.20432978  13.75463485
O  9.69956669  10.61564740  12.67820271
O  13.36479813  11.15471369  9.42294241
O  12.37698650  8.95407401  11.13526140
O  11.77241517  11.70407120  11.73365554
O  11.39378296  12.79672358  14.05724253
O  13.52517138  13.59442044  12.37446616
O  14.93684287  13.47568931  9.94642320
O  12.10004538  13.92906338  9.93328514
O  10.09916290  16.16429582  9.91800944
O  9.70733219  13.80989921  11.75469565
O  15.64819696  9.37188732  10.65791993
O  14.36560916  11.18989234  11.85393963
O  14.23968287  12.35262180  14.79326204
O  20.06178951  12.92554213  9.85529743
O  17.12202090  10.77378574  13.30544294
O  12.01129679  16.01234750  12.20921964
O  16.99808577  13.34842463  15.21058155
O  14.43245505  15.30653288  14.39549350
O  17.64171217  14.66893581  10.54779562
O  16.24326763  13.37784631  12.80975142
O  19.09531167  13.01230424  12.77718249
O  17.32045365  11.82644501  10.67711063
O  15.01390054  15.85639986  11.59355628

