Ti  12.59027371  10.10302278  11.33315792
Ti  10.25420871  11.55576823  10.39024279
Ti  11.90397397  12.76867363  12.30122836
Ti  17.08867829  12.00801497  10.50970285
Ti  15.37148623  9.94091444  11.25300992
Ti  14.32518673  12.62467731  10.80354943
O  12.43933241  11.13023961  12.88856815
O  10.95243131  9.75141888  10.71794633
O  9.51150675  11.92255393  8.97907247
O  13.94349171  8.88434922  11.82332185
O  10.15215661  12.77864101  11.90274103
O  13.44515405  13.77547118  11.94863455
O  15.62096811  11.68871276  11.92858098
O  16.91895439  10.07268226  10.34373088
O  18.47385393  12.61724792  11.12135870
O  14.12620010  10.73408245  10.14644178
O  15.67954803  13.21593668  9.83890224
O  12.19303541  12.08129366  10.53861267

