Ti  14.79522342  10.81386331  12.49597379
Ti  12.06618283  9.80586751  11.35829329
Ti  12.70603112  12.11286180  9.43616494
Ti  12.91342068  12.95509026  12.72932655
Ti  15.11148353  13.06674357  10.75706327
Ti  10.37985512  12.95366308  11.64702099
O  14.27549401  14.10654178  11.96087335
O  11.47591432  13.96541714  12.91629707
O  11.35646163  13.12925420  9.94330331
O  10.97929653  8.59713836  11.50412160
O  16.13910469  11.75696985  11.56253988
O  12.28899721  10.39836267  9.50163093
O  13.67046687  11.86419889  11.19820936
O  13.86378961  9.38396832  12.08290417
O  11.46715138  11.47288901  12.25559619
O  14.37357744  12.97595093  9.08480863
O  14.00023011  11.80632661  13.77852155
O  8.74098052  12.91244127  11.72722313

