Ti  13.63538928  13.00236101  10.58904976
Ti  11.68460644  11.35490982  9.34566761
Ti  10.92531525  12.47413787  12.21238532
Ti  14.78095198  10.05424320  11.58744869
Ti  11.97462939  9.51119371  11.48779905
Ti  16.59628966  12.03871752  11.36207309
O  12.85773715  12.71437534  8.91808292
O  10.49471140  12.14933957  10.30489609
O  12.52841116  13.52482859  11.87659380
O  9.74468051  13.24328915  13.03655407
O  15.37393036  13.36841523  10.70027146
O  11.16898349  10.57376393  12.64749073
O  11.39772348  9.54503646  9.73005288
O  13.50319055  8.68381908  11.96617103
O  15.41445746  11.21795029  12.73375526
O  13.16787730  11.03575198  10.82472160
O  18.17237637  12.34238137  11.70187118
O  16.06922438  10.36598787  10.42314609
