Ti  15.67313141  12.19901944  12.52561364
Ti  13.06966835  12.79902757  10.74581617
Ti  15.61529250  11.42027864  9.36154693
Ti  11.26724650  9.93588996  11.80670285
Ti  14.09325618  9.60221594  11.50298190
Ti  9.93476250  12.23099328  11.41058363
O  16.50083707  12.01989713  10.72899583
O  16.66865695  12.79361838  13.68087611
O  14.12994287  13.27648076  12.08519327
O  15.03748364  10.37579966  12.78037374
O  11.39038826  13.36802452  10.77059209
O  12.82227712  10.95137474  11.13598007
O  14.18854664  12.47598858  9.21064113
O  10.17052265  10.47032306  10.53312968
O  12.67595232  8.58861063  11.96865553
O  15.02996695  9.79784087  9.83899480
O  10.69742906  11.18545996  12.90718553
O  8.40365341  12.79208272  11.57792337

