Ti  14.80385097  11.97941936  9.82601032
Ti  12.29820169  12.95534459  10.43951647
Ti  10.28449248  10.51743406  11.38660236
Ti  14.47645449  13.19273617  12.79695127
Ti  16.30494991  10.25836499  11.32397998
Ti  13.36727145  10.29238020  12.51152845
O  15.72621132  10.52815750  9.45319673
O  10.64736645  12.18166573  10.59746378
O  13.49781009  13.06995855  9.03339911
O  12.97134695  13.88666953  11.78400035
O  17.84283527  9.78964691  11.60951779
O  14.87698751  9.35794199  12.19607079
O  11.61600299  9.73681379  12.42947312
O  15.71541264  12.29893173  11.40930096
O  8.75996912  10.31394238  11.93010391
O  13.29211696  11.31036898  10.82562266
O  13.74151676  11.63486257  13.61315800
O  15.20182067  14.24582404  13.81222495

