Ti  13.06807616  11.99159669  9.68962954
Ti  12.01656212  9.55813302  10.68353648
Ti  10.60159083  12.26195876  11.73890330
Ti  15.87033128  12.25940645  11.19502934
Ti  13.40334303  11.98927227  13.24425723
Ti  14.44932488  9.55569466  12.24576373
O  11.73929064  12.97097552  10.30553537
O  13.23041563  8.39184340  11.46630127
O  12.45950827  10.32245733  9.09670236
O  9.10466895  12.91348028  11.81870939
O  10.61114644  10.29695707  11.43075545
O  13.23441257  10.97327242  11.46595728
O  14.73453731  12.96744331  12.63121800
O  17.36741199  12.91040385  11.11309050
O  11.72338227  12.56060128  13.28042224
O  15.85701696  10.29367553  11.50118204
O  14.00862866  10.31799080  13.83351517
O  14.74880454  12.56087474  9.65454238

