Ti  15.41746762  12.69519343  11.17949318
Ti  11.87739279  9.88805580  12.61692817
Ti  12.77447023  12.77343348  12.35183418
Ti  12.61968645  10.43941966  9.58639018
Ti  14.76333901  9.84133004  11.26130427
Ti  10.13939202  11.98975964  10.77576298
O  11.91549737  9.33967055  10.72871206
O  12.47379888  11.36768186  13.50473914
O  11.26170301  11.55151529  9.23384528
O  16.11440604  10.97157027  11.61829811
O  15.89315779  13.37875366  9.76996519
O  14.30245872  13.72863972  12.33082529
O  8.60885808  12.46784025  10.44393487
O  13.72137674  9.13455473  12.55136246
O  14.35177356  9.60249438  9.50197264
O  11.27892977  13.33089103  11.61023160
O  13.58857637  11.55517604  10.97924588
O  10.30206926  10.58237091  12.17974104

