Ti  11.76331136  10.04881867  10.61255285
Ti  9.80501403  11.96257307  11.07860047
Ti  12.56627645  12.79810142  11.68593391
Ti  14.56882612  9.53868550  10.72089570
Ti  14.72035370  11.31978269  12.94797023
Ti  15.37530413  12.66007244  10.16668893
O  10.30633962  10.07941236  11.59797482
O  10.85097377  13.29806742  11.94534323
O  8.38175586  12.30396828  10.33931727
O  13.40717586  12.54433743  13.34777622
O  13.69602203  13.55344524  10.53661950
O  11.38902776  11.64845166  9.89981076
O  13.29082994  10.86668706  11.54809354
O  15.19777044  9.54903710  12.45622620
O  13.03949865  8.73896123  10.11534055
O  15.26737350  10.75429500  9.65736197
O  15.84294236  12.27212962  12.04719528
O  16.47377421  13.55618876  9.35487337

