Ti  14.47531191  13.81445538  12.08166478
Ti  12.93553346  11.30706056  13.15695107
Ti  11.43952646  9.63615273  11.51710122
Ti  14.40158760  10.58293473  10.44127472
Ti  12.40692838  12.91507865  10.01903376
Ti  9.79332725  11.93495975  10.77453874
O  9.83171222  10.03886532  10.80679373
O  13.46433991  11.80476939  9.18526597
O  10.69538662  13.01169996  9.48879598
O  14.25955063  10.47400941  12.49278644
O  15.69577776  9.82823459  9.79860592
O  13.20251666  14.36363212  10.93047911
O  11.82732792  11.71279111  11.51124895
O  8.79307786  12.69414041  11.82931959
O  12.81257570  9.32202903  10.48836295
O  15.15798545  12.51935382  11.22833693
O  13.61168785  13.06648762  13.48749153
O  11.73009438  9.90932498  13.34030705

