Ti  13.68279506  13.35339945  11.56190650
Ti  10.20628460  13.35309724  11.56188338
Ti  10.50968046  10.40916441  10.15544682
Ti  13.38006810  10.40946661  12.96841243
Ti  13.38011588  10.40939687  10.15544682
Ti  10.50963268  10.40914116  12.96834305
O  11.94486234  9.87902868  14.01259133
O  11.94493400  9.87893570  9.11129105
O  9.98836514  12.04683166  10.03779286
O  13.90097730  12.04725009  13.08613576
O  9.68219811  9.53484146  11.56186025
O  14.20766990  9.53532964  11.56195275
O  14.79575620  14.55884510  11.56186025
O  9.09291734  14.55821744  11.56188338
O  11.94486234  10.77662135  11.56190650
O  13.90102508  12.04715711  10.03772349
O  9.98834125  12.04680841  13.08597389
O  11.94448011  13.96468860  11.56188338

