Ti  12.74974060  11.54726111  9.74252526
Ti  14.81548074  13.19554509  10.51573459
Ti  15.54816863  10.91280531  12.14096885
Ti  10.47197799  10.37446412  11.03118442
Ti  12.02190957  13.80367169  12.33269118
Ti  12.30389146  11.10342592  13.25550483
O  13.54169248  13.02522139  9.04402582
O  16.23295964  12.59666803  11.43658765
O  16.51961754  9.60561819  11.98543665
O  8.91070512  10.83878546  10.90891299
O  10.93503280  15.00691403  12.12733701
O  11.09944258  9.84908646  12.75336393
O  14.30261731  11.20505240  10.63295462
O  11.87989817  12.73581303  13.89089644
O  14.05215332  10.75617847  13.34705270
O  11.50710856  10.30870025  9.37670281
O  13.83346558  14.05546690  11.68645868
O  11.78322605  11.98392850  11.38321356

