Ti  10.92484860  12.61541411  10.54306793
Ti  12.83654527  10.91796707  12.55042670
Ti  12.31248458  9.82139112  9.90808196
Ti  17.08952020  12.37265187  10.19592856
Ti  14.98461667  9.77532618  10.86573345
Ti  13.98295864  13.10644336  11.16064444
O  13.60147450  11.22077496  10.66025371
O  9.47160289  13.36152798  10.41400610
O  11.21419589  11.11556263  9.33352606
O  11.31788049  11.80317402  12.27275020
O  11.92435504  9.38886435  11.53483846
O  13.84307840  12.47929221  12.86290025
O  12.50871456  13.79513728  10.50256251
O  15.64752265  13.49405682  10.49105827
O  18.47040185  12.80895597  10.95404928
O  14.43604426  9.66470122  12.54202817
O  13.98731628  8.93876380  9.58902519
O  16.56366199  10.61221101  10.45973874

