Ti  11.58449478  12.14998265  9.17496914
Ti  10.70309788  10.21400136  11.71009873
Ti  13.47526473  9.89776675  10.24127076
Ti  15.89142660  11.06199794  11.26862886
Ti  14.02365698  13.19828502  10.98016556
Ti  11.14061680  13.59896589  12.11269096
O  10.77486812  13.59081230  10.41026769
O  12.71435668  10.76412623  8.77119081
O  10.45053026  11.07423987  9.99660521
O  9.37902815  9.38092608  12.20287830
O  10.94571665  11.94212382  12.64399673
O  12.21870875  9.10855456  11.23726317
O  13.14995250  13.24748374  9.41748214
O  16.53961512  10.67700061  12.72047806
O  13.84444936  11.38155866  11.38899579
O  15.24705865  9.54797076  10.25739290
O  15.80347666  12.98144107  10.93392972
O  12.88612831  14.06466760  12.21460748

