Ti  11.35336053  12.63416803  10.11754948
Ti  13.96327943  13.02918081  11.98385218
Ti  11.02510942  12.62852140  13.32629129
Ti  11.09080591  9.57172736  11.88492741
Ti  13.52013657  9.99931687  10.67562541
Ti  16.04225453  11.25659553  11.22423737
O  11.02066283  10.87299031  13.34764822
O  10.67560205  13.11253151  8.70746480
O  10.38621365  13.06722128  11.75321104
O  12.69343007  13.27328907  13.41522505
O  14.13852147  11.15285295  12.03467802
O  13.09914958  13.33585924  10.45971872
O  12.77071855  8.66453989  11.58686986
O  9.73197329  8.70683248  11.60593528
O  15.16645559  10.09133182  9.94112563
O  11.76866720  10.71150121  10.33881831
O  17.15940325  10.50890827  12.15076624
O  15.71991508  13.13036298  11.68258651

