Ti  10.80742766  12.88681661  12.08248959
Ti  10.66709261  9.95636003  12.19732685
Ti  11.66445385  12.21498945  9.46257210
Ti  15.85455201  11.10109181  11.36992294
Ti  13.22058478  10.02109571  10.62659511
Ti  13.84886027  13.07958150  11.51120402
O  11.66162883  11.40977658  11.19671139
O  12.36279506  13.72572499  12.53792602
O  10.14433564  11.60277038  13.14503217
O  10.30037376  13.21470691  10.30796500
O  9.40410261  9.45227792  11.29466148
O  13.98616669  11.29605423  11.97408340
O  14.97479835  9.75416407  10.28435444
O  15.61172707  13.10624948  11.36551564
O  16.82358665  10.51778404  12.55094555
O  12.23923201  8.94835604  11.68724884
O  13.17057420  13.15074953  9.77022891
O  12.31387886  10.58018483  9.01140806

