Ti  11.97457584  9.83672596  11.13235769
Ti  9.41961709  11.82022195  11.94528726
Ti  14.30286353  10.70517831  9.91115797
Ti  15.27541975  13.52976105  10.82653119
Ti  12.44455412  13.09232833  11.93866753
Ti  14.37704067  10.91120740  13.00717389
O  15.16121749  10.13290870  11.27088578
O  10.18495855  10.25913307  11.30497966
O  7.93118434  12.16717689  11.35638666
O  10.61943944  13.24441341  11.99241227
O  13.01605703  9.38466122  9.64333701
O  15.52118489  12.56916399  12.20475256
O  15.16812551  10.41638103  14.34317717
O  12.79774287  11.59543978  10.79745997
O  13.05597867  12.39188960  13.40220461
O  12.79831207  9.63673952  12.64373730
O  15.13749219  12.37556748  9.44092629
O  13.66887796  14.29859060  11.15152248

