Ti  13.13930814  11.69325641  13.31886132
Ti  12.37177000  10.28054199  9.96180583
Ti  14.76172855  9.86846618  11.62361107
Ti  14.76333786  13.51790633  11.62477935
Ti  12.37252275  13.10947906  9.96288249
Ti  10.21934076  11.69447260  11.99116269
O  11.37090754  11.69356046  13.51364421
O  13.69132822  9.10800048  10.24668411
O  16.37158594  9.96559716  11.37934787
O  12.38630573  11.69554845  8.78147146
O  14.10170286  10.17127255  13.36609669
O  13.43111280  11.69379434  11.24114663
O  10.92595864  10.19031051  10.94348594
O  13.69301540  14.28064067  10.24924976
O  16.37319525  13.42224879  11.38005801
O  10.92671138  13.19914923  10.94460841
O  8.60714727  11.69458954  12.27187180
O  14.10281899  13.21449186  13.36715044

