Ti  13.18210001  12.15762935  13.14154562
Ti  15.22218357  13.25646249  11.70142364
Ti  12.77710613  12.52800920  9.76690919
Ti  13.76805565  9.80083516  10.92576182
Ti  10.07401520  12.81656812  10.87865064
Ti  11.00884819  10.52627125  12.49713520
O  14.09211713  13.65684809  13.28342911
O  14.47801403  11.32183955  12.12909053
O  14.79278232  8.56157128  10.64639434
O  11.86137012  11.18069608  14.01012371
O  16.82066220  13.59251271  11.68836266
O  12.04930178  9.34490446  11.69810111
O  13.31422150  10.86517237  9.41916632
O  11.11926857  13.06462046  9.30200704
O  11.93962179  12.19633036  11.62537207
O  9.53243195  11.15838777  11.70486074
O  14.16687109  13.60921425  10.17503044
O  9.57751921  14.17984629  11.63258998

