Ti  10.74736580  10.41280275  10.31625829
Ti  13.85267774  10.09418991  11.36847462
Ti  13.85262959  13.58569409  11.36847462
Ti  9.45695286  11.83994200  12.44504258
Ti  12.20718215  11.83991832  13.45328300
Ti  10.74736580  13.26705757  10.31630441
O  10.34665786  11.83991832  13.99605220
O  12.18392409  14.21396877  10.41368786
O  10.64003203  11.83996568  9.14583510
O  13.10030604  13.31356486  13.18230196
O  12.18392409  9.46593891  10.41366480
O  15.15488825  9.09686424  11.27927756
O  9.26409878  10.29513741  11.47879487
O  15.15488825  14.58304344  11.27925450
O  9.26409878  13.38474659  11.47886406
O  13.10033012  10.36634282  13.18227890
O  14.17227140  11.83994200  10.81834920
O  11.26039138  11.83994200  11.60611054
