Ti  10.64657362  13.78638956  11.07349764
Ti  13.16384996  12.37686253  9.74557877
Ti  13.09712154  9.72251388  10.85352083
Ti  11.01451415  10.92884469  12.49912276
Ti  12.96425342  12.85534267  13.12973673
Ti  15.87053568  13.01840862  11.67410642
O  9.94048614  12.05462130  11.67846830
O  11.73473054  13.40258262  9.52762220
O  13.18903629  10.65698653  9.20488853
O  11.48209937  9.33139050  11.79049991
O  14.79520229  13.07779654  10.16344747
O  11.84323141  11.65596126  13.98420729
O  14.77621016  13.01268272  13.18609689
O  12.71149427  11.62943612  11.55801137
O  17.00678723  14.19239051  11.69903804
O  12.04518277  14.16549833  12.41530568
O  9.52555161  14.95797342  10.87459563
O  14.55588097  9.40139826  11.55787363

