Ti  13.31504309  11.81449141  10.02940910
Ti  12.07346752  11.81446865  12.82678419
Ti  9.89012959  10.22143394  11.82250390
Ti  15.49848258  10.22143394  11.03378081
Ti  14.79303672  12.55933121  12.43477683
Ti  10.59544851  12.55935397  10.42146217
O  11.18783922  13.24627848  12.00402815
O  14.20056984  13.24632401  10.85221085
O  13.80387397  10.98683093  11.87639892
O  11.58461126  10.98683093  10.97986294
O  14.58144866  10.75596656  9.37622350
O  10.80711273  10.75601209  13.48010692
O  11.89623015  12.62733159  9.10384570
O  13.49230585  12.62742265  13.75234759
O  9.10506528  11.58287578  10.68874302
O  16.28349611  11.58296685  12.16742741
O  9.53276055  8.64977598  11.55611444
O  15.85587700  8.64986704  11.30012456

