Ti  11.88032962  10.05994485  10.46810220
Ti  9.93878751  11.44189807  11.95837052
Ti  11.88038353  12.82337074  10.46783568
Ti  15.07085684  12.82343939  10.46730265
Ti  17.01167128  11.44185230  11.95894797
Ti  15.07077598  10.05996773  10.46756917
O  11.87925159  11.44146328  9.25429975
O  9.37192944  11.44203537  13.49161454
O  10.20258282  9.74799793  11.01479303
O  13.47566061  13.77877682  10.50787970
O  10.20269062  13.13540919  11.01443768
O  11.99460140  11.44173788  11.76621252
O  16.74836108  13.13531765  11.01445989
O  13.47566061  9.10442434  10.50823506
O  16.74830718  9.74806658  11.01481524
O  17.57863715  11.44192095  13.49230304
O  15.07169231  11.44146328  9.25398882
O  14.95580349  11.44178365  11.76581275

