Ti  14.80114695  13.10137945  10.06670893
Ti  12.01989571  13.04359820  10.04097331
Ti  10.56080967  10.39575945  11.29876479
Ti  13.40977079  11.33094524  12.74580363
Ti  16.29140741  10.48036510  11.32576084
Ti  13.35457893  14.51441595  12.53299774
O  11.85123755  14.26363113  11.28707719
O  14.88965764  14.32432223  11.32037538
O  17.79346214  9.96617797  11.70970979
O  13.38044593  12.88409455  13.58378128
O  10.72504497  11.74343443  10.02607735
O  11.83177700  10.40456235  12.66245504
O  15.01148715  10.44671846  12.67916143
O  16.14682030  11.85427760  10.07505067
O  13.41389878  13.45009652  8.88030345
O  13.29869015  15.90798827  13.38612342
O  9.04098311  9.94583349  11.69428675
O  13.42547862  12.01485715  10.93628892


