  ID   Compositions    Enthalpies    Volumes    fitness  SYMM
                       (eV/atom)    (A^3/atom)    ()         
  15  [     6 12  ]     -8.5532     39.3181   -153.9578     0
   8  [     6 12  ]     -8.5237     37.1174   -153.4262     0
   5  [     6 12  ]     -8.5189     35.3155   -153.3393     0
   2  [     6 12  ]     -8.5107     32.9529   -153.1934     0
  13  [     6 12  ]     -8.5084     38.9835   -153.1516     0
  11  [     6 12  ]     -8.5067     40.4789   -153.1212     0
  10  [     6 12  ]     -8.5041     38.8679   -153.0738     0
   7  [     6 12  ]     -8.5037     35.2817   -153.0672     0
   4  [     6 12  ]     -8.4966     40.6337   -152.9395     0
   6  [     6 12  ]     -8.4889     41.7934   -152.8002     0
  24  [     6 12  ]     -8.4850     34.5150   -152.7302     0
  12  [     6 12  ]     -8.4836     38.0147   -152.7039     0
  23  [     6 12  ]     -8.4805     36.7499   -152.6484     0
  14  [     6 12  ]     -8.4802     44.0355   -152.6441     0
  18  [     6 12  ]     -8.4791     36.1766   -152.6242     0
   9  [     6 12  ]     -8.4695     48.0841   -152.4514     0
   3  [     6 12  ]     -8.4612     40.4607   -152.3021     0
  20  [     6 12  ]     -8.4551     41.5625   -152.1909     0
  21  [     6 12  ]     -8.4524     36.7416   -152.1425     0
  25  [     6 12  ]     -8.4513     39.4082   -152.1240     0
  19  [     6 12  ]     -8.4486     34.7030   -152.0747     0
  22  [     6 12  ]     -8.4300     33.5629   -151.7408     0
  17  [     6 12  ]     -8.4236     34.6316   -151.6243     0
