Ti  10.80794799  14.58748955  11.75750173
Ti  11.48013494  11.62426585  13.17222874
Ti  12.55123069  10.04766958  11.05818140
Ti  14.14784718  11.94377159  14.62271398
Ti  17.06948853  12.57276195  14.24674390
Ti  18.53403489  11.02086240  12.39397868
Ti  18.79265561  14.24598314  10.67937683
Ti  20.88992426  12.47578095  11.35548823
Ti  15.83363476  13.01239391  10.55063754
Ti  16.83300727  15.52782124  12.83986625
Ti  15.62140877  10.25020296  11.87652621
Ti  12.64659593  12.63919636  9.94524311
Ti  14.07817842  15.13122412  12.90435703
O  9.54185945  15.61096599  11.67077108
O  10.49014563  13.05787045  12.92509486
O  16.62305042  12.13160393  12.44841548
O  12.31876642  10.87771813  9.44613005
O  12.32808830  11.53565273  14.78837435
O  11.20989254  9.99359625  12.31575151
O  14.11034503  9.20640451  11.33576791
O  18.46077844  11.40570887  14.19698280
O  15.78877323  12.17471508  15.48386691
O  14.67701693  10.73284433  13.45155956
O  17.32133249  9.62945331  12.03075171
O  19.03919468  12.95386958  11.96415323
O  18.16437960  15.75838322  11.60470559
O  15.56277908  14.51049991  11.84413546
O  20.15046036  10.70807131  11.70270153
O  17.35417370  13.53369543  9.73769522
O  21.98463135  12.93789683  12.46934712
O  20.43419494  13.92044947  10.08546572
O  11.28535680  13.73236278  10.07848851
O  15.60319432  11.21810543  10.32315130
O  12.48846135  15.47013624  12.22284313
O  14.26142687  13.46769341  9.69093820
O  17.36490612  14.39418883  14.13091731
O  15.31280563  16.42186250  13.41347560
O  12.81123129  11.87611634  11.72867227
O  13.97594443  13.62968449  13.92249727

