Ti  12.84419433  12.66053510  10.55676750
Ti  10.96698717  14.94918855  10.62345316
Ti  12.42789003  14.18143524  13.92100352
Ti  9.22943163  12.47740631  11.19688369
Ti  13.66316357  10.15685334  13.01671952
Ti  16.18622498  9.41906940  11.16435583
Ti  10.85712679  11.45646525  13.26154069
Ti  13.79914306  16.02302595  10.52154670
Ti  17.38066327  14.63595772  12.99767997
Ti  15.70017769  11.66776369  9.60705788
Ti  15.49299189  12.33178488  13.10568098
Ti  16.34200087  14.72104049  10.31872592
Ti  14.73382601  15.59956833  13.63300084
O  13.14199631  15.73058327  14.63160856
O  9.30326089  14.43157128  10.99571647
O  11.15495637  11.92209909  11.48216981
O  8.49036586  11.65234863  9.99120318
O  13.61410052  11.83234746  12.17290852
O  11.53834950  13.59521966  9.59692393
O  9.11810791  11.59293154  12.93930935
O  15.02663057  10.90241001  14.08028847
O  17.50303100  8.69724827  11.81366108
O  12.08969455  16.38435384  10.01943179
O  14.47904049  8.99323823  11.94119770
O  11.36780223  12.81807646  14.44652810
O  15.48799448  16.20469409  9.70459422
O  11.93256576  14.56775065  12.19832608
O  11.93088155  9.94805887  13.54916542
O  14.19656209  16.59241799  12.22544444
O  14.02032715  14.19546790  10.45016021
O  14.22748534  13.67719855  13.87165661
O  17.18631614  12.94747426  13.64436315
O  13.85058058  11.66776369  9.43900907
O  17.92725939  15.03061970  11.28074274
O  16.08456478  11.44415407  11.44614585
O  16.53397353  13.28676201  9.22078657
O  15.74581710  14.34779266  12.14711300
O  16.50865512  15.83700194  14.10452491
O  16.31179548  10.03890598  9.31688195

