Ti  12.72333185  12.13323384  10.10437272
Ti  17.69281185  12.57954216  9.93079992
Ti  15.77559391  16.56056731  11.79941000
Ti  15.04686001  14.66622243  9.92747197
Ti  17.12575023  14.35520197  13.13915883
Ti  19.09001946  12.35573228  12.34521786
Ti  11.79456520  11.62410767  13.38287826
Ti  9.97619815  12.17144912  10.62794702
Ti  16.71463415  10.61157319  11.94359769
Ti  14.25734793  13.13561778  13.55968460
Ti  12.84485944  15.98450538  12.06826611
Ti  10.31821933  14.27373549  12.30780790
Ti  13.96678101  10.23366944  12.10088476
O  16.95745911  10.94292093  10.10911682
O  13.47566334  10.44711896  10.37056174
O  15.54669728  14.62598753  11.75843606
O  14.00188962  13.16703982  9.38350511
O  13.07830293  12.17320644  12.12604503
O  17.20206829  16.17699814  12.93520961
O  18.87343961  13.71946965  13.52659390
O  18.42790559  10.70948510  12.75571258
O  19.47794083  12.56036895  10.54857181
O  17.33755299  12.86498959  11.77970192
O  13.36029414  15.47477595  10.43834812
O  16.68093564  13.86464575  9.22725654
O  14.22370697  17.24314417  12.42794463
O  15.82215599  16.43089239  10.00687079
O  8.89865157  13.50914134  11.39731778
O  13.28432141  14.65405229  13.21570174
O  15.58951827  9.21284668  11.99278530
O  10.68285967  13.16418089  13.68298407
O  11.34963550  13.46174600  10.97532865
O  15.30942638  11.54681156  12.73472995
O  13.13798757  12.28218688  14.63083695
O  10.47171878  11.11319794  11.94376291
O  12.60436546  9.91446561  13.28037260
O  10.99388743  16.00454414  12.23966747
O  11.14226447  11.74224193  9.22496710
O  15.90463245  13.76893706  14.29891497

