Ti  12.54766384  11.44768288  13.61312133
Ti  10.61692921  14.13698062  12.11266382
Ti  15.50546604  15.22524204  11.77444442
Ti  13.16800296  15.19457564  13.37077592
Ti  14.84381626  13.36312001  14.79509096
Ti  9.72262273  11.10539887  12.32360137
Ti  15.46362386  10.66695361  12.53291312
Ti  12.02007440  12.46876420  10.39299185
Ti  15.20309206  12.74963881  9.58355622
Ti  18.63503673  10.10489799  12.66209174
Ti  18.09542910  12.63800392  10.42614868
Ti  17.65934913  12.93151788  14.05088512
Ti  18.48928303  14.90287460  12.09103551
O  14.12387680  16.32471292  12.29150379
O  11.34085504  15.46166186  13.14658548
O  13.45372275  12.13848120  15.04044167
O  14.69519826  13.99061942  12.96047860
O  8.40620335  10.13980305  12.20314305
O  16.53265171  13.67872093  15.40248176
O  13.73728694  14.92371039  15.02945508
O  11.00496597  13.97386908  10.31810569
O  10.92742358  10.77889491  13.78925161
O  12.24576232  13.01601007  12.33806130
O  15.12510674  14.48850795  10.16407176
O  9.36390797  13.01072452  12.61050897
O  10.98633336  11.10981626  10.79129261
O  13.42516849  12.35917204  9.19267018
O  17.10816625  16.10389441  11.92956223
O  16.94407521  12.65255833  8.95473419
O  19.73167393  8.90686567  12.83802495
O  15.50942289  11.67588073  10.98446934
O  16.79341974  9.49453194  12.58141668
O  15.90321775  11.92333125  13.77989084
O  18.79673594  11.13415022  10.99998851
O  19.23057174  14.08655086  10.61292068
O  18.62939675  11.47972812  14.07325244
O  17.26280810  13.47615928  12.04504457
O  18.89388540  14.36939159  13.75126659
O  13.66756966  10.28069996  12.79735487
