Ti  13.29606733  12.93205161  12.78482879
Ti  15.05136062  11.86770002  10.01057757
Ti  11.83275888  15.36411041  14.27108182
Ti  13.98051676  14.20631984  15.71956719
Ti  13.07386233  9.94544612  10.60769619
Ti  14.27070204  11.11543666  15.28417611
Ti  10.17477597  13.81705071  12.51617731
Ti  12.16744963  15.84848798  11.17691940
Ti  10.32803376  11.04467680  11.84357403
Ti  12.46112659  9.53146883  13.71461658
Ti  16.48055806  12.78893947  14.74003851
Ti  14.70960594  14.78002692  10.32750178
Ti  16.95991171  13.46042615  11.52186558
O  16.58654391  14.99687829  10.55215851
O  10.52896639  14.99705808  11.12001480
O  10.68485638  9.94739812  13.26636627
O  16.10788860  11.26969572  15.71825090
O  13.25994190  8.94928597  12.16740880
O  10.02490241  15.16130828  13.85543521
O  12.28565635  16.50887910  12.85226379
O  15.86494841  14.16566182  15.76713114
O  13.48652493  12.49056659  16.21272354
O  11.29372441  10.21774958  10.38876029
O  14.54788754  13.39791091  9.12253165
O  16.86405172  11.97159245  10.41371934
O  13.73620675  11.50601568  11.32880001
O  13.07139129  14.28935673  11.39104575
O  13.77015660  14.51108809  13.94084274
O  14.95300274  12.28419436  13.86102948
O  11.46038488  12.42070567  11.83329677
O  11.68140808  13.53878852  13.77696357
O  12.91238566  11.25115176  13.76909109
O  15.15543948  13.39118166  11.70883061
O  13.47841349  9.40107035  15.26126745
O  13.59568015  16.23811669  10.01586808
O  14.40209656  10.26043666  9.32503913
O  12.61129560  15.41499073  15.98318131
O  9.03750965  12.34378161  12.20196164
O  17.56373023  13.21416643  13.25940507

