Ti  15.25005383  10.81011629  9.91219332
Ti  11.85003639  14.01944211  10.88183581
Ti  12.15081678  12.39010691  13.93359757
Ti  15.03407880  10.73294086  13.35586055
Ti  10.37680296  11.59825959  11.86415940
Ti  12.90547912  10.17150356  11.42371018
Ti  14.29713070  13.92189459  9.43754067
Ti  16.22292053  13.95989880  13.90889904
Ti  13.71057278  15.27571198  12.65223688
Ti  18.53908619  14.11726869  12.19007571
Ti  20.51506633  11.79452163  11.78812017
Ti  16.27534019  15.65017265  11.01334008
Ti  17.80680765  10.51486065  11.70971063
O  12.49591287  14.13591561  9.13620438
O  16.91368511  10.12659872  10.10624982
O  12.23134422  12.08112612  11.95444415
O  11.02261918  9.98668337  11.29142372
O  14.99190207  12.33688072  8.92728610
O  13.83363848  13.92321383  11.26444970
O  13.70891584  9.34134759  12.74126536
O  10.33947654  11.84992963  13.65176886
O  10.17724673  13.12941303  10.87512786
O  12.02356354  15.58900567  11.74545476
O  13.42801877  11.28519424  14.42344386
O  16.67318732  9.95464110  13.07455330
O  12.56240149  14.09542515  13.78763448
O  14.74227603  11.37858107  11.60726625
O  13.74931513  9.77986742  9.82148193
O  14.88043497  15.13919621  14.16086198
O  18.05571065  14.29133201  13.95180148
O  15.81727069  12.24750234  14.15695098
O  16.26603118  14.10430464  12.03361218
O  15.58689533  15.19574586  9.36377692
O  20.28213024  13.65063894  12.14684143
O  22.07979317  11.52438226  11.42304650
O  18.09403123  15.67447708  11.18869490
O  14.88917158  16.50364361  11.86449125
O  18.12732072  12.30991245  11.59861465
O  19.55524430  10.12264101  11.84057492

