Ti  17.55998277  13.31114962  10.70281605
Ti  12.13036128  14.95093702  10.04903521
Ti  15.54600813  15.93595289  13.38231578
Ti  10.13069848  15.07065969  12.72727976
Ti  15.29541235  15.85796554  10.61792230
Ti  13.32140545  14.01103479  13.20922136
Ti  17.47508252  13.29236093  13.46984059
Ti  10.42287070  11.85025757  12.81357352
Ti  15.38835606  11.26115550  14.30716766
Ti  15.83748694  10.96183583  11.01658741
Ti  12.15701569  12.13063263  10.09048035
Ti  12.47376210  10.23723691  13.68037323
Ti  13.49741882  9.67840983  10.45805557
O  13.69043443  15.97540134  9.76403648
O  15.72662570  17.09690158  11.87771466
O  16.73278093  14.82580902  10.02245914
O  9.22780480  16.23953445  13.43445411
O  14.81405211  14.79758701  12.05783328
O  17.02356634  14.98705912  13.94502352
O  10.72297544  15.57405623  10.91945564
O  17.13997481  11.95916960  14.66344624
O  11.77994323  14.71629929  13.64740056
O  14.13490564  15.53024194  14.31035389
O  18.75682378  13.40737993  12.11149231
O  14.56342859  12.80050267  14.05731403
O  12.35976668  10.41657403  9.27292240
O  9.43984738  13.27741833  13.11216200
O  13.89299127  10.25444038  14.86282707
O  14.01372657  11.47016992  10.83082048
O  16.35348959  12.86261189  12.01361225
O  10.64717264  10.26545892  13.83782615
O  17.20379560  11.69264567  9.94154818
O  11.82099268  13.48534130  8.92999220
O  15.29139061  9.39756701  10.19777427
O  12.27361831  12.04043133  13.21429037
O  12.83236230  9.31030225  12.12290963
O  10.63968389  11.72398614  10.99913555
O  15.83063612  10.39240601  12.75542480
O  12.70560827  13.69994295  11.26634449

