Ti  13.22625070  13.19098301  12.82658073
Ti  12.52682490  9.63573832  13.66969570
Ti  15.27620601  15.96896569  13.87298264
Ti  11.70293864  10.66279961  11.17461410
Ti  12.41151556  16.27753350  13.93636979
Ti  11.78498767  11.79909686  15.87388169
Ti  14.77875302  11.03727382  15.35837680
Ti  10.49099809  14.08861078  14.81272019
Ti  10.15002154  13.16422919  11.83289162
Ti  16.35196851  14.13035415  11.53084724
Ti  9.85218229  15.88915364  12.67890580
Ti  13.49025931  12.63015732  9.89690840
Ti  16.45890444  13.09575843  14.52401215
O  11.09030594  17.22613101  13.01160268
O  12.79622567  11.19063244  12.72803414
O  16.11064328  14.81331686  15.06321144
O  14.21871983  9.53705055  14.44939717
O  13.36945411  13.56326298  8.56706973
O  12.08282692  13.00944299  11.24068960
O  12.80293995  10.85245566  9.76994960
O  14.72659421  12.43553118  14.08778732
O  11.40320695  10.23973495  14.96993613
O  17.21899207  13.11875826  12.93171642
O  11.66348252  15.54153900  15.37295189
O  11.32110608  14.69588555  12.92852729
O  13.49489968  11.51590817  16.55933266
O  10.06024720  11.45304198  11.06396992
O  16.09765542  15.89140075  12.29723873
O  9.17577688  15.38508730  14.24260484
O  13.79232415  14.90764259  13.38188378
O  12.21366465  12.93481251  14.52915165
O  9.70877148  12.82219266  13.51946421
O  14.60654081  13.20740013  11.43730837
O  9.26920648  14.71354519  11.34316330
O  16.49276100  11.59527080  15.65037939
O  17.10837496  14.09114869  10.07884665
O  10.43946146  12.95897555  16.30944760
O  13.99250821  17.21333570  14.30232844
O  11.75683435  9.02923021  12.12497328

