Ti  13.22468525  12.70772543  11.14815478
Ti  16.01707560  12.35475586  9.95501951
Ti  12.02037848  15.87110866  10.06159631
Ti  11.04202006  10.69539349  10.02671538
Ti  11.07259540  10.76251826  13.02191729
Ti  12.45922760  15.73537088  13.26249215
Ti  16.00897982  11.98641637  12.94672182
Ti  13.60969347  9.92823123  9.95168107
Ti  15.21155823  14.91152718  10.02425184
Ti  10.03785469  13.86665414  10.06442823
Ti  13.98883290  9.94067600  12.94821836
Ti  10.17721221  13.42644289  13.26352822
Ti  15.13887958  14.88774100  13.02113448
O  11.06077923  14.83493412  14.07228246
O  12.38851394  9.78004867  13.90202205
O  16.14314974  13.59153494  13.90144646
O  13.71203046  15.96579154  9.41900426
O  15.13709798  10.82194524  9.36561225
O  9.96334205  12.17357542  9.41951078
O  12.57277817  10.64954029  11.48826119
O  12.58988673  11.69677400  9.55799846
O  14.22992481  13.35328818  9.56053107
O  10.35162526  15.53509991  9.27167547
O  15.66083492  10.31335192  13.71265194
O  9.84520648  11.79766643  14.02902089
O  14.07964192  16.09806532  14.02731714
O  11.55270943  12.55451364  12.45104413
O  14.12884542  11.82009267  12.70787373
O  13.35620898  14.37470861  12.45062970
O  16.62528117  13.99959506  9.26359414
O  11.97329718  9.29624225  9.26366322
O  11.85345862  14.05483957  10.47263881
O  9.27682483  13.95117593  11.73466105
O  11.91712449  16.62538995  11.73374010
O  14.31976443  8.98299331  11.39204506
O  10.14184228  10.13353143  11.59539056
O  15.74899774  15.82823194  11.59237445
O  16.97735606  11.66372479  11.39347253
O  15.28350328  13.38549062  11.48816909

