Ti  19.61763913  13.02856429  10.39067560
Ti  12.84981740  14.62446534  11.83450493
Ti  16.56655517  12.12256333  9.79632876
Ti  15.78057081  13.64611309  12.92654128
Ti  20.39274271  15.50689869  11.59552220
Ti  9.77156203  14.68406694  12.44732238
Ti  10.59880782  12.42556817  10.42260303
Ti  16.93741901  9.95364725  12.17080719
Ti  13.56788851  12.48027594  9.70567851
Ti  10.91520656  11.78689866  13.09760135
Ti  19.28641684  11.09962578  12.92604463
Ti  18.95745628  14.06203643  13.62842443
Ti  14.02063335  10.86884344  12.89539430
O  13.40654104  14.26719059  10.13558726
O  15.08575892  12.23146374  8.70232947
O  18.21884615  12.70415542  9.23348365
O  20.17038945  15.36629146  13.52727361
O  14.35420908  14.79531124  12.84941880
O  11.87091294  12.91273525  11.84954630
O  11.45894050  15.63485925  12.23206055
O  9.60981723  13.85958675  10.64983173
O  17.15787729  14.32918759  13.93613391
O  8.51492230  15.65528452  12.82832304
O  16.09345469  13.25208316  11.14380820
O  19.86481037  16.93012511  10.99722582
O  16.78160363  10.38412327  10.41139296
O  13.90189213  11.33434893  11.13077708
O  14.89256374  12.23898477  13.68511336
O  10.04504889  13.18436812  13.74672147
O  10.08019751  11.12296158  11.60640118
O  11.86926248  12.09026410  9.11166277
O  15.31651728  9.55039633  12.93408561
O  18.89516681  14.11702753  11.73141481
O  20.08441286  11.52677915  11.35315754
O  19.68154850  12.43921936  14.14240875
O  12.35736989  10.78778630  13.69897223
O  18.58298590  9.37872621  12.79840586
O  20.90417047  14.24583808  10.18766445
O  17.53647382  11.63204784  12.71333700

