Ti  13.17933337  12.74784774  15.71377205
Ti  12.68074035  15.16094615  9.76256752
Ti  10.43136679  13.07891458  10.34355622
Ti  12.64083132  16.46081665  12.87015735
Ti  15.24828113  14.19874400  10.53045833
Ti  15.77953633  11.04672047  11.58838715
Ti  12.27941434  9.94296428  11.42453089
Ti  10.95216290  10.65300455  14.38773555
Ti  15.75473774  12.22604172  14.66347447
Ti  14.65799756  14.85670282  14.11792922
Ti  10.91780465  14.55167670  14.09802714
Ti  9.34171926  12.53365104  12.88701708
Ti  12.75829698  12.71536207  12.22814404
O  12.79440270  14.60498451  13.18040167
O  16.29521854  13.91349631  14.50083516
O  14.00182427  12.67724032  13.91624633
O  9.17871671  11.04692921  13.96905657
O  11.26711786  12.28164571  13.42191408
O  16.04664158  12.60715477  10.49078093
O  14.16341343  16.67715296  13.80956102
O  10.84099326  13.95031340  11.84295634
O  11.51379317  11.64550057  10.80878326
O  13.78619216  11.14819580  11.84407187
O  12.47078751  16.46989698  11.01117603
O  14.36593954  15.25018390  9.13769282
O  16.23192431  9.66460512  10.84288301
O  12.39502974  8.75083141  10.31358901
O  11.18483279  14.26835988  9.09611394
O  14.74200439  11.96785238  16.23343191
O  13.94559699  14.52221780  15.72383718
O  11.48138797  13.91284398  15.60178797
O  9.11778670  13.98527790  13.88321141
O  12.03320159  11.20583504  15.73402907
O  8.82570298  12.53020678  11.07894453
O  11.12369720  16.39858505  13.85245825
O  15.33807001  14.85385869  12.12708710
O  16.35758764  11.10537733  13.41712237
O  11.61889808  9.52811311  13.17462119
O  13.36844512  13.67169331  10.75465466
