Ti  10.57813491  12.93195087  10.40638844
Ti  13.74591940  13.63347401  10.14088127
Ti  13.93832198  15.41752479  12.41634894
Ti  10.48390766  10.33118215  11.46395888
Ti  11.62887697  13.93742087  12.90985596
Ti  11.75340199  11.07169920  14.06356917
Ti  14.50602508  10.83474941  14.64752502
Ti  16.40563126  9.94036187  12.36672686
Ti  13.51441632  10.26702457  11.20993651
Ti  19.24171946  13.62840701  12.87889062
Ti  16.88094955  12.77215663  10.58462085
Ti  16.36892884  13.42837047  13.47600311
Ti  19.33930988  10.72721631  11.05028815
O  11.44343469  11.91475578  11.77392723
O  15.46593230  13.48724074  9.58600085
O  13.94782659  15.49470482  10.62530223
O  12.31045993  15.56113888  13.32515007
O  10.26764120  14.19740472  11.67664567
O  13.37328016  13.61771000  12.11849535
O  9.55815854  11.37797149  10.23833243
O  10.40810473  10.04926576  13.30128399
O  11.97478632  13.48870944  9.41300202
O  11.87283840  9.40935446  10.81245110
O  12.80464122  10.57750713  15.45686394
O  11.34891499  12.83212843  14.33954349
O  15.79850596  9.68216493  14.12208348
O  15.05708781  9.32071859  11.24664424
O  18.03232351  9.52119574  11.95809587
O  20.56581413  9.96420372  10.26997620
O  18.06168544  11.71131676  9.87244233
O  16.18910160  11.83436910  12.14211914
O  13.76027868  11.67379155  10.23261426
O  17.86308294  13.47811034  14.33128122
O  19.89592915  12.02351280  12.26307294
O  17.56367307  13.96699063  11.78441862
O  20.30971604  14.87665262  12.93825297
O  15.45169001  15.05747371  13.31257495
O  15.16365643  12.46434221  14.65208017
O  13.40255436  10.82216757  13.06809901

