Ti  10.46948001  11.48262776  13.79012401
Ti  13.53694942  10.44202896  13.75186901
Ti  13.55024961  9.20005974  11.11920549
Ti  10.54910912  14.19260527  13.12064952
Ti  11.33063821  10.87950327  11.07927158
Ti  11.49984291  13.92004106  10.22684465
Ti  14.23111007  14.11095195  9.52321648
Ti  16.24055564  14.76072490  11.72919885
Ti  13.57745192  14.07372692  13.03042049
Ti  18.63865893  10.85658607  11.28647218
Ti  16.07903294  11.81757905  13.43465232
Ti  15.92986450  11.35701485  10.35986173
Ti  18.86587995  13.58442371  13.27858631
O  11.38696334  12.61099771  12.57577360
O  11.89062179  10.76412787  14.64466157
O  13.61044440  8.76862925  12.88788164
O  11.86640055  9.32244105  10.32247016
O  10.04576598  10.44733272  12.35674874
O  12.49529283  14.55168253  8.85434160
O  9.56916653  13.06203980  14.21380713
O  10.32197410  14.78761376  11.38200175
O  15.16593523  10.43689787  14.44631119
O  12.07020292  14.86430868  13.81058264
O  13.12180599  10.92215542  11.79237356
O  11.01123316  12.20916963  9.85192167
O  15.54673897  15.23993862  10.04221331
O  14.94246922  15.21489991  13.02418456
O  17.89542520  14.95580480  12.20771014
O  20.02970331  14.21014470  14.25472439
O  17.31259627  12.73224426  14.22992460
O  15.81065015  12.95458305  11.69425369
O  14.11427484  12.48173385  13.67835706
O  17.50782805  11.29921614  9.68170491
O  19.47519460  12.25727355  12.13371849
O  16.77952836  10.70990612  12.11004596
O  19.49107456  9.45338239  11.22003559
O  14.99369212  9.70742042  10.20137330
O  14.82663724  12.49192201  9.20204237
O  13.17122305  13.90548654  11.14479676

