Ti  14.51081091  12.80511224  12.41098305
Ti  16.69050790  14.93579830  11.24980884
Ti  13.04109163  14.70474125  14.62261270
Ti  10.52897682  13.02890639  13.72653376
Ti  12.04241387  13.99026736  11.16516377
Ti  15.94826508  12.15700171  9.91148459
Ti  17.44135476  10.85830002  12.03612630
Ti  18.53371761  13.41181918  13.66846623
Ti  14.23609241  16.14205160  12.09701533
Ti  12.40320172  10.04718367  12.60304676
Ti  15.09931485  10.01989669  14.37978714
Ti  13.06420043  11.29862544  10.10571480
Ti  15.55393314  12.54638461  15.61457234
O  9.01126683  12.69824036  14.21938977
O  11.38935064  11.29054419  13.32696367
O  15.80690902  16.59058612  11.21438891
O  13.53654998  9.21371604  13.89710869
O  14.58193949  11.18722704  9.04928887
O  12.91476356  15.65170431  10.96675169
O  11.77522389  12.60497362  9.95677978
O  15.55346805  10.70519116  16.03920845
O  14.27507215  13.89152787  15.73904594
O  13.81440779  11.05598357  11.89532829
O  19.87873660  13.85158198  14.47763282
O  13.54288673  16.31536356  13.80437699
O  15.27174424  14.60075919  12.51197773
O  16.30294873  12.34074768  11.89746961
O  14.11261297  13.06396773  10.62713853
O  17.07245702  13.12181510  14.96109222
O  16.48938873  9.76692311  13.22120771
O  12.91941439  13.65878298  12.98903837
O  16.61347859  13.85843570  9.70375147
O  17.23474180  10.85126729  10.18842009
O  18.08601743  14.72929186  12.29177458
O  18.79381508  11.69851907  12.77374765
O  10.53266841  14.03729712  12.04093797
O  12.08197496  9.82310821  10.79000472
O  11.38775191  14.29183068  15.00873027
O  14.74602645  11.83881557  14.06088179
