Ti  15.10993840  16.40160115  10.43053132
Ti  13.59804943  13.92118056  10.46115624
Ti  14.64913110  10.77729628  11.42584118
Ti  12.01889783  11.41068452  10.50915959
Ti  18.34715514  15.21597482  11.43777518
Ti  16.75376671  14.08032390  14.16256655
Ti  16.86930953  12.36145745  11.14277943
Ti  14.18468645  15.77399124  13.67976228
Ti  13.11584426  18.40772048  12.04183954
Ti  11.20421575  15.74436679  12.61761232
Ti  10.18910979  13.30337969  12.01242990
Ti  15.13826998  11.88109599  14.36439935
Ti  12.65691247  12.98689697  13.77270648
O  14.26044571  15.09914005  9.31206554
O  15.05205332  12.74894301  10.77829429
O  13.24786885  10.02946916  10.45977083
O  10.24003275  11.83126152  10.88883566
O  16.83242449  16.24443090  10.80857893
O  19.78535928  15.91354467  11.08850527
O  12.60175541  12.71587976  9.43310689
O  14.25481918  15.38512452  11.81037835
O  18.15210203  14.77022690  13.33600972
O  18.09575146  13.48918785  10.54690602
O  16.68190055  12.53100176  12.94337882
O  16.36726942  10.60276289  10.78864843
O  14.91982981  10.43195016  13.17885041
O  15.76844158  15.59415870  14.54591275
O  12.81351761  19.99627881  12.27330074
O  13.84416759  17.49353417  13.59804722
O  11.47156128  17.31908534  11.91834334
O  14.53066134  13.51199107  13.61678675
O  16.37803939  12.67128805  15.42616042
O  10.78373194  12.74291101  13.58390142
O  12.91374377  12.04218423  12.02548195
O  13.29992848  11.87094870  14.97913383
O  12.39016370  15.02667148  14.00550447
O  9.53609106  14.99428471  12.48614392
O  11.72700016  14.33397797  11.43933073
O  14.34430378  17.98866557  10.62711414

