Ti  16.43715341  11.81255049  12.24657681
Ti  12.86830762  12.58303494  13.00304131
Ti  14.15334502  15.67117735  13.32108453
Ti  15.36675986  15.41987647  9.91874557
Ti  12.65878366  10.68926940  9.99734617
Ti  12.67568211  15.62888294  9.98368151
Ti  10.93086145  12.90494392  9.89415840
Ti  10.18819707  14.04331660  12.57333039
Ti  11.35284702  16.56358676  12.42170567
Ti  17.32001335  15.36268012  12.91038431
Ti  17.78858156  13.72552598  10.45943288
Ti  14.17620269  9.56463359  12.88844712
Ti  15.10612089  12.55409808  9.83777151
O  14.76734060  12.39142309  11.73126014
O  11.50342226  14.46598979  9.11596409
O  11.09450221  11.28629528  9.08059267
O  11.09181637  12.90448331  13.60359503
O  12.67685716  16.81656750  13.60799630
O  18.73489462  16.02410946  13.38530613
O  13.79811391  13.95246896  13.79510766
O  14.02316542  8.17924094  13.73770687
O  16.31312887  13.92846329  9.10918937
O  9.79374142  15.78827950  13.04378181
O  11.72769039  17.06553826  10.70535067
O  14.08966809  16.38869218  9.01411284
O  9.54823831  13.23972276  11.05362667
O  19.31710768  13.74842077  9.90086399
O  17.47204342  13.40879203  12.53676072
O  16.88776002  11.83861533  10.46480196
O  16.02605111  10.22229681  12.91377167
O  14.14039141  11.23156452  9.06151284
O  13.27532519  11.06108633  13.73332865
O  15.80066387  16.02603317  13.86511312
O  17.00509791  15.55429196  10.96311270
O  11.78697485  14.78741107  11.85007124
O  12.24264540  12.19593674  11.08485030
O  13.99753798  14.02475692  9.86378737
O  14.28358057  15.79700391  11.47527244
O  13.14181627  9.49042194  11.19119499

