Ti  11.71438605  15.07726167  10.50020532
Ti  14.13361262  13.58187295  10.30239410
Ti  18.02486077  14.32631093  11.70819289
Ti  16.84227557  12.09840544  10.45419762
Ti  13.26996448  18.23802240  11.32579190
Ti  14.27841607  16.58108867  14.11699833
Ti  15.93545639  16.55019548  11.06121727
Ti  12.46560191  14.15377914  13.74283644
Ti  9.81429193  13.14715969  12.22781494
Ti  12.55521237  11.28504537  12.56194795
Ti  15.00229122  10.20058415  11.96107724
Ti  16.52697635  15.11291201  14.31298674
Ti  15.27908039  12.70327191  13.67257323
O  12.73940691  13.99070504  9.28589867
O  14.83907116  15.21303877  10.55221613
O  18.48078559  12.91236016  10.55365007
O  16.40644418  10.33064134  10.76361335
O  12.10545484  16.79348993  10.74412144
O  12.64024709  19.71101285  10.99603363
O  15.58758706  12.79558335  9.37891053
O  12.70564312  14.14939010  11.85528142
O  13.71349788  17.97589755  13.21558290
O  15.08317653  18.01562545  10.59477264
O  15.94614257  16.41138852  12.89698022
O  17.64518868  15.75781786  10.73041392
O  18.19743124  14.86706908  13.43692050
O  12.69467273  15.76144236  14.57778011
O  8.25382514  12.74325466  12.50685051
O  10.75527279  13.77932316  13.80736387
O  10.96322703  11.55070977  11.92722160
O  14.70739807  14.52625298  13.63886342
O  15.71889068  16.29650892  15.39337770
O  15.62388029  10.82201571  13.47974436
O  16.43469435  13.16774571  12.00949104
O  16.41892086  13.25227014  14.88357452
O  13.26331403  12.35305476  14.00940400
O  13.28340747  9.60579831  12.38858668
O  14.07449757  11.82914486  11.46986671
O  10.07911598  14.50207078  10.88552280

