Ti  16.91139129  11.28902680  13.24323575
Ti  13.02538659  13.06876491  15.72169044
Ti  11.73834514  10.52117108  13.85760019
Ti  14.37751418  9.89929583  12.73102755
Ti  12.44409358  16.21324285  11.58702542
Ti  15.47300109  16.03392356  12.43347743
Ti  13.93151981  13.26187600  12.16352401
Ti  11.10149407  13.35307815  10.66346571
Ti  9.51714988  12.84550371  13.00189831
Ti  12.14434844  10.32054191  11.00787673
Ti  16.65029523  12.81908672  10.90566952
Ti  15.62877838  13.77979428  15.09252112
Ti  11.23574597  14.95479319  13.79822776
O  9.48684793  14.38650374  13.99876895
O  13.79278569  9.37002264  11.10738287
O  17.96522307  11.87603369  11.91612192
O  14.57277259  13.54178208  16.60654341
O  16.51891517  12.39262983  9.33433883
O  11.28115865  11.58378758  10.00585878
O  12.00158837  14.53686544  15.41580779
O  15.69966188  15.34565584  14.28768077
O  9.31155821  13.09183765  11.20028925
O  12.88721610  11.33525006  12.55385311
O  15.49243299  14.25778894  11.57836163
O  14.11998779  13.03153743  14.22112250
O  15.39559555  11.76554377  12.15519149
O  13.18615606  9.30142660  13.97186025
O  9.96392260  11.29931880  13.81542793
O  14.03536240  17.01080796  11.49819612
O  16.90749954  16.72283939  12.05461511
O  11.25498999  16.58772125  12.96479692
O  11.46570804  15.14538961  10.36201688
O  13.13607328  13.15498957  10.64792185
O  12.20369089  11.46972008  15.41812663
O  16.86149639  12.46944392  14.63458901
O  16.12370142  9.63885899  13.36358594
O  11.10369492  9.57192211  12.16976703
O  13.12415648  14.93662016  12.76262489
O  11.30185201  13.34200841  12.64163766

