Ti  14.53187002  12.91318593  12.58484739
Ti  16.05673953  14.41680696  15.27658954
Ti  11.18015060  14.62028573  13.93268815
Ti  9.86833389  11.71277590  12.89840612
Ti  12.74429199  10.62380216  14.27890979
Ti  13.48779814  13.45584811  15.90417658
Ti  12.14344349  13.09440351  10.94937996
Ti  15.55590984  11.49323988  10.29314765
Ti  15.60746126  16.24086926  12.52244349
Ti  17.65534284  13.94144970  12.12005313
Ti  17.47629927  11.67471812  14.18446911
Ti  12.82951310  15.76788409  11.82509556
Ti  15.62002374  9.78048355  13.16456189
O  13.83807618  12.42526439  10.55137248
O  14.92238193  14.24760626  16.74668141
O  8.35837525  11.11367873  12.75570155
O  10.67997167  12.13962253  11.15738427
O  15.69505906  9.91259095  11.36309278
O  11.47884892  16.20270721  13.01851798
O  12.01473470  14.45324859  15.56698160
O  14.11031974  17.14667040  11.89626523
O  16.22401285  11.42752505  8.80440243
O  14.05936249  9.30549122  14.00597099
O  13.10639686  11.69340814  15.77850786
O  17.22770938  9.81809818  14.07192294
O  16.21753356  12.96002828  11.44957644
O  14.57521622  13.64050653  14.38942105
O  17.36603808  14.39050539  13.75932949
O  12.44389603  13.92020512  12.69220193
O  14.56771835  14.78020659  12.09547768
O  15.69633229  11.63676461  13.50577452
O  11.00314418  10.52219311  13.96344660
O  13.20081348  11.63822436  12.83566307
O  17.00107553  12.76069416  15.59909665
O  18.48743709  12.29383473  12.81844460
O  9.83955903  13.51356039  13.68732499
O  12.13023026  14.86656646  10.37003071
O  15.61510060  16.06734144  14.35936699
O  17.11379829  15.69364536  11.55077407

