Ti  13.25071222  13.23057262  12.55427164
Ti  12.80685555  10.22403253  10.28363658
Ti  17.99749186  12.85375251  11.31658374
Ti  13.01890651  15.26538043  9.77577348
Ti  10.13590811  12.71752933  12.96795686
Ti  16.67286797  13.23036496  13.84359854
Ti  12.27720048  10.05237783  13.45482519
Ti  11.21141657  12.46517381  9.82927550
Ti  15.83313839  11.21684203  10.55867037
Ti  15.75239676  14.42943006  10.31616772
Ti  12.01930517  16.16502967  12.75562074
Ti  15.25035944  15.67392018  13.51477611
Ti  15.02219350  10.48796494  13.91501417
O  16.64869550  14.90493929  14.55555749
O  11.70017292  14.07194804  13.02031240
O  13.64969699  9.33679081  14.48913379
O  17.66510643  11.25510288  10.43886408
O  11.50973827  10.77606347  9.11270677
O  14.76263112  15.47900786  9.16417858
O  14.60598236  13.87781443  13.60742536
O  11.83317711  14.01486824  9.08368671
O  12.64306619  11.96324019  11.00357307
O  17.64832462  14.24894992  10.23242751
O  10.82712978  11.07721846  13.72727943
O  10.78678675  17.05042843  13.35364906
O  16.10503707  11.72490154  14.75564070
O  13.65347568  16.51739813  13.66379355
O  13.80073329  14.23900832  11.11592730
O  13.51333089  11.51628384  13.37416613
O  14.51754444  10.07963285  9.77691995
O  9.93586003  12.61183177  11.05186819
O  15.38683669  12.69499852  9.60559408
O  15.85922799  15.63867036  11.86681852
O  18.37430464  13.03259735  13.11224511
O  8.78136036  13.22943050  13.71328292
O  12.22110367  16.42852081  10.84753348
O  15.61528048  10.23986640  12.28869624
O  12.29901128  9.29928271  11.80020373
O  16.20461655  12.84349943  11.90644345

