Ti  14.82022192  14.92938405  13.42911612
Ti  11.50207834  11.40362908  12.98984784
Ti  11.27433664  12.51319060  9.84206029
Ti  14.08460933  14.29020398  10.06845620
Ti  9.71742048  13.54194667  12.00001836
Ti  12.20493436  15.05901574  12.21338464
Ti  14.30915596  11.98117105  13.62917052
Ti  15.38594934  11.09556467  9.95982097
Ti  12.95240610  9.74262849  11.24794459
Ti  17.87729153  11.16741694  11.41467227
Ti  19.50395216  13.57337101  11.67027904
Ti  15.77992060  9.62729664  12.85157840
Ti  17.02026660  14.87425275  11.22687137
O  12.61159951  11.92260980  14.35796028
O  16.33908519  15.65685994  12.76185261
O  11.57763723  13.12745313  11.72707793
O  10.34448732  15.19512901  12.46137119
O  15.05351900  13.45130537  14.44608676
O  13.28279275  11.35467673  12.02294959
O  12.79141528  15.68008772  10.69270308
O  9.51984477  13.10193031  10.24993043
O  9.76192107  12.15375269  13.16718268
O  11.52982645  9.65839311  12.55053251
O  12.52608124  13.56096268  9.12394825
O  15.66708599  15.19187561  9.96059711
O  11.57752210  10.80190098  10.10467579
O  14.11134998  13.90620163  12.02031544
O  13.20127550  15.77297362  13.60024189
O  14.09923177  9.87354641  9.71279871
O  17.19441185  10.80066519  9.75104095
O  14.94592313  12.73636391  9.49061273
O  15.71570274  11.25190452  11.87503728
O  15.17421173  10.54299068  14.31774243
O  19.57490555  11.69199654  11.24688622
O  20.08556853  13.84146145  13.17510865
O  17.57237902  9.61932706  12.47520048
O  14.35806056  8.75785640  12.11754386
O  17.52482729  13.13030301  11.77305799
O  18.72144987  15.21177433  10.89889599

