Ti  11.88582889  15.50561364  12.40845779
Ti  14.99203198  15.29145212  12.79737656
Ti  14.56664992  12.12241548  14.51317012
Ti  12.11214141  13.60193598  10.31547881
Ti  10.38696104  10.98965323  11.67738181
Ti  13.18286729  9.19764134  12.90363946
Ti  11.54021709  13.17244448  13.91233922
Ti  15.83840399  10.47608219  11.56903244
Ti  18.34920870  13.66879319  10.64968286
Ti  19.11860003  10.69400315  11.93691464
Ti  17.33878534  12.47245055  14.09025409
Ti  18.05826091  15.07411540  13.04252499
Ti  15.26057407  13.41751983  9.78900003
O  11.41928561  15.29716750  10.64430712
O  11.73572547  9.63703949  12.02466929
O  13.43339578  16.31668909  12.86124721
O  14.95155332  13.88600290  13.89046806
O  12.49597645  13.66729449  12.26832037
O  15.80602700  11.53863421  13.06753813
O  16.05584325  12.06223892  15.50002327
O  10.42046573  11.93357944  13.34619288
O  11.00271745  12.24007604  10.30752566
O  12.83327885  12.71976125  15.07131421
O  10.92119627  14.93826725  13.83499240
O  13.63222791  10.39505085  14.08463288
O  8.92634611  10.30271576  11.38593820
O  18.59104200  11.31553131  13.72455655
O  17.32825021  13.51798345  12.26071087
O  19.09456212  15.13594308  11.51029206
O  19.31574061  12.20492012  10.73468827
O  17.47422861  9.89547612  11.32221483
O  15.32019403  11.69269536  10.29557139
O  20.39065087  9.66383826  11.91609900
O  18.23575568  14.07895402  14.54169344
O  14.57448450  9.10863387  11.78865225
O  17.02080231  13.80479375  9.34963768
O  14.97760923  14.61752031  11.11589936
O  13.50806170  13.51696738  9.13188342
O  16.59455963  16.16074821  13.07738138
