Ti  17.70911298  9.90944872  12.20129296
Ti  14.60283613  10.32738496  12.61776619
Ti  14.98244587  13.55629301  14.19193613
Ti  17.50807923  11.76393421  10.07203337
Ti  19.05669674  14.45105986  11.45200592
Ti  15.93647552  15.76712253  12.64620464
Ti  18.04386589  12.28092701  13.65198965
Ti  13.83874345  14.92226573  11.02137347
Ti  11.26390849  11.67989392  10.42157426
Ti  10.28935861  14.56179858  11.59083833
Ti  11.71870040  12.87180502  13.90136002
Ti  11.47404279  10.26604726  12.85036148
Ti  14.33551525  12.03947027  9.43837201
O  18.23844121  10.09603239  10.44461300
O  17.55355255  15.52250982  12.00476770
O  16.09858247  9.19243393  12.55193779
O  14.66213639  11.60542334  13.79667774
O  17.11707914  11.73626861  12.00992742
O  14.96759145  14.06643941  12.32409425
O  13.19316323  13.63442858  14.69346071
O  19.26319082  13.38948501  13.05039054
O  18.53837723  13.18040236  10.04402690
O  16.72290854  12.95368194  14.67656564
O  18.59124841  10.48844095  13.67843620
O  15.53690331  15.36606052  14.37161431
O  20.37242863  15.35694894  11.09447347
O  10.42040631  13.95005049  13.43482552
O  12.09329017  11.98080496  12.18324595
O  10.58468565  10.16098418  11.24789708
O  10.17800916  13.05250944  10.36114556
O  12.13374352  15.06588757  11.39140924
O  14.19298912  13.84086430  9.58617993
O  9.20897830  15.75806186  11.30239810
O  11.07852179  11.19400264  14.38030183
O  14.76793745  16.44929445  11.38284170
O  12.56120446  11.52797495  9.12274126
O  14.51059780  11.21843592  11.01813364
O  16.09306344  11.75512805  8.89062595
O  13.01408819  9.36087081  12.87452815

