Ti  15.06449964  13.77868704  14.59627666
Ti  13.84125707  10.34565657  10.08440471
Ti  15.98305094  14.57801671  11.53812322
Ti  18.00678107  13.24790655  13.45158632
Ti  15.69684663  11.23455464  12.26345076
Ti  13.98264239  13.03517837  9.56202407
Ti  11.28025175  10.63898331  14.72043479
Ti  14.05757908  10.57596044  14.87606285
Ti  11.55112811  11.17556170  11.90971149
Ti  11.18737750  16.25745661  12.81061745
Ti  13.96808357  16.44470525  12.86378467
Ti  11.49761760  13.72546599  14.52683014
Ti  11.36826390  13.96762565  11.08075850
O  15.16067022  16.23761897  11.50361516
O  13.09117597  13.96811964  15.11207470
O  10.67238005  15.41865965  14.31218646
O  15.47827213  10.08082532  10.79038950
O  19.58058890  13.16826998  13.88758288
O  10.31384864  15.43880928  11.35639259
O  12.56414689  9.76914290  15.71397831
O  17.37322543  11.60548999  12.55455397
O  13.85724430  11.46077658  8.61230554
O  15.62410750  13.71233623  9.93634665
O  12.46481732  17.57113507  13.04943956
O  10.75860669  12.22045697  15.39672189
O  11.46990091  13.06424584  12.76479237
O  15.22247651  13.25718839  12.75271581
O  12.74654411  11.17041379  13.66248298
O  12.62587077  14.20289544  9.71413297
O  12.33483183  9.77062488  10.92249740
O  14.82340018  15.66945115  14.21109278
O  17.65478740  14.55992104  12.03918634
O  12.66029000  15.19233370  12.34836641
O  16.80669526  13.77764706  14.90259583
O  14.74371127  12.06152182  15.49206845
O  13.70797524  11.95523572  11.09754416
O  10.77333032  12.25599833  10.61415281
O  15.23266768  10.06220965  13.57901043
O  10.42748980  10.33382678  13.08536541

