  ID   Compositions    Enthalpies    Volumes    fitness  SYMM
                       (eV/atom)    (A^3/atom)    ()         
   8  [    13 26  ]     -8.7619     27.5112   -341.7149     0
   1  [    13 26  ]     -8.7474     40.7291   -341.1471     0
   7  [    13 26  ]     -8.7442     33.4204   -341.0244     0
  13  [    13 26  ]     -8.7392     36.4621   -340.8274     0
  18  [    13 26  ]     -8.7369     39.5110   -340.7385     0
   9  [    13 26  ]     -8.7358     36.2299   -340.6976     0
  15  [    13 26  ]     -8.7351     33.2899   -340.6686     0
  14  [    13 26  ]     -8.7339     38.1530   -340.6235     0
  19  [    13 26  ]     -8.7331     36.7732   -340.5914     0
   6  [    13 26  ]     -8.7325     34.6716   -340.5690     0
   3  [    13 26  ]     -8.7323     31.8702   -340.5583     0
  24  [    13 26  ]     -8.7317     38.8757   -340.5375     0
  10  [    13 26  ]     -8.7302     38.5917   -340.4770     0
  23  [    13 26  ]     -8.7299     30.4553   -340.4665     0
  20  [    13 26  ]     -8.7283     37.1315   -340.4031     0
   5  [    13 26  ]     -8.7275     37.4449   -340.3734     0
  26  [    13 26  ]     -8.7255     32.3578   -340.2948     0
  17  [    13 26  ]     -8.7241     32.7491   -340.2384     0
  22  [    13 26  ]     -8.7238     31.7909   -340.2280     0
  12  [    13 26  ]     -8.7222     34.1467   -340.1652     0
  11  [    13 26  ]     -8.7220     30.9567   -340.1565     0
   2  [    13 26  ]     -8.7179     24.2700   -339.9997     0
  27  [    13 26  ]     -8.7122     42.6350   -339.7766     0
   4  [    13 26  ]     -8.7119     30.7275   -339.7632     0
  25  [    13 26  ]     -8.7106     42.2917   -339.7154     0
  16  [    13 26  ]     -8.6978     34.8955   -339.2125     0
  21  [    13 26  ]     -8.6958     31.6497   -339.1367     0
  28  [    13 26  ]     -8.6957     34.7237   -339.1309     0
  29  [    13 26  ]     -8.6862     42.0460   -338.7603     0
