39
# E(PBE) = -340.827 eV
Ti  13.21950512  16.25396739  11.89251003
Ti  13.11708939  13.95786173  10.14726339
Ti  15.61594820  12.22895007  9.63530493
Ti  18.60065138  13.49382933  13.97423384
Ti  16.11221828  15.28485617  12.97896642
Ti  17.76019079  13.47894351  10.92126963
Ti  15.79528197  11.89704558  13.31447953
Ti  10.79926418  15.40170858  13.82942901
Ti  13.19482902  13.23515893  13.65367581
Ti  13.71982650  9.84025615  14.28547274
Ti  11.28731834  10.27293219  12.37344595
Ti  10.50145114  12.84929659  11.62494987
Ti  14.14980258  10.34988125  11.02850133
O  14.00089606  12.13742694  11.02662268
O  13.15230453  15.79863787  10.09038461
O  13.09201665  14.37102773  12.07202055
O  15.23640089  10.41150284  9.56070251
O  14.42577260  13.43054510  8.93407188
O  19.89100458  13.47525452  14.97335744
O  16.74830071  14.95671861  11.29826149
O  19.07133878  13.26846369  12.10062061
O  14.79750062  16.58168929  12.79391881
O  17.52003086  15.12700930  14.04841603
O  17.31026984  12.83090364  9.23206132
O  16.46893100  12.24071844  11.51717435
O  17.25794291  12.01420974  14.21386134
O  12.21251626  14.22970334  14.66777922
O  11.75174464  16.69947694  12.76667830
O  9.76632434  16.09656215  14.88347859
O  14.09637075  11.74031580  14.46967990
O  15.14353263  13.71820778  13.43011575
O  14.97275475  10.08417061  12.70720400
O  11.89373845  12.05476256  12.71486694
O  14.39024581  8.91362018  15.44845964
O  9.77833659  11.14568823  11.73485125
O  9.90712827  14.15984649  12.63042630
O  11.85407537  9.54199414  13.90358648
O  11.40715749  13.31366671  10.07157333
O  12.42995491  9.69869795  11.07386099

