39
# E(PBE) = -341.715 eV
Ti  13.48961801  12.61554922  11.93605331
Ti  11.88533343  15.24043196  10.35021212
Ti  11.68958985  10.08920186  10.62660856
Ti  16.35836547  12.45410125  9.80038333
Ti  17.08482476  12.19396685  13.23677175
Ti  11.66964974  9.98512796  13.55679975
Ti  12.35324863  15.17500185  13.51010924
Ti  15.07374574  14.97853530  10.23050988
Ti  10.25837239  12.96628884  10.47140826
Ti  14.43409094  9.79299153  9.94213847
Ti  15.25838138  15.33191831  13.14637854
Ti  15.01826022  9.92113283  13.19868898
Ti  10.78404889  12.78475113  13.68885635
O  13.35038946  9.54378312  14.06294955
O  16.16814877  13.93223260  13.64285351
O  10.79648436  14.51012722  14.37249649
O  10.45977831  11.22953360  9.84223643
O  13.47525896  15.61284735  9.48874966
O  15.66623243  10.86285813  9.07045580
O  14.72948087  11.68897933  12.84655384
O  14.79425912  13.09830711  10.55229263
O  12.03837917  13.41115819  10.73564003
O  12.76825211  9.02353949  9.54293342
O  13.82380445  15.96343592  14.24556185
O  18.57927619  12.43297933  13.84934461
O  10.63617782  11.17372038  14.59036974
O  16.57646039  10.34188443  13.87967329
O  13.87227300  14.61616478  12.08221903
O  12.63595926  13.26715657  13.57057689
O  10.25487746  14.64682807  9.65497642
O  16.39764965  14.23843745  9.17296625
O  13.35120223  11.10179509  10.60095131
O  15.11083542  9.15490321  11.49923975
O  11.13866311  9.02870039  12.06870273
O  15.90329213  15.99173274  11.53265109
O  17.25017051  12.15486990  11.28278927
O  9.67834827  12.98670585  12.17469897
O  11.63220785  15.99170756  11.97619909
O  11.85913494  11.38123880  12.36667783

