39
# E(PBE) = -341.024 eV
Ti  10.55897792  13.10260853  13.28673988
Ti  11.96582460  12.85517357  15.63731927
Ti  14.34398457  13.89242273  14.73220363
Ti  16.27402812  15.30384857  13.15984678
Ti  14.48665691  14.95572297  11.01754847
Ti  11.62329964  14.69777221  10.71284466
Ti  10.42128867  10.40629779  12.14728294
Ti  12.99740825  10.39364872  13.57392823
Ti  15.79798969  10.82557444  13.58893790
Ti  17.46813296  10.56963147  11.17318296
Ti  14.94345894  11.89981712  10.54523251
Ti  11.88921304  11.97764406  10.26919491
Ti  18.12306162  12.51846727  12.99920072
O  15.25989922  13.64804965  9.99939673
O  11.05436411  13.42887433  9.49342804
O  9.35944457  11.68508403  12.92079461
O  12.23120907  11.13319289  15.10353634
O  15.15416858  12.32669827  14.61245202
O  10.61880286  10.57924376  10.36351277
O  11.64119980  9.27997806  12.99441466
O  14.52888792  9.67024215  14.28299103
O  16.81323213  9.54189421  12.42239340
O  18.99900018  11.46023670  11.73896481
O  13.43391600  11.39541020  9.57922622
O  10.45505678  14.53875528  12.17311762
O  10.24933022  13.32898680  15.07968123
O  13.39371720  13.72263903  16.35580384
O  15.51036225  15.38285509  14.81456888
O  15.77736135  16.16847803  11.60087084
O  12.96149657  15.93559954  10.48807549
O  16.56986792  12.07401796  12.01906178
O  12.89023000  13.52191028  11.18455923
O  11.73571152  11.72029564  12.31364220
O  12.51312961  13.53034299  14.01406987
O  17.58783853  11.44904328  14.28033489
O  17.84066783  14.35863146  13.14270719
O  14.84777800  14.18325105  12.73158257
O  16.22725943  10.83543770  9.81206403
O  14.30359090  11.10086748  12.26390231

