39
# E(PBE) = -341.147 eV
Ti  13.39977500  13.23153804  13.23156393
Ti  14.49855655  14.47101807  10.18818408
Ti  12.20355029  12.72696556  10.18466450
Ti  12.20422027  13.73658685  16.27856921
Ti  14.49887814  11.99213739  16.27473207
Ti  14.59549052  10.18449397  13.73624022
Ti  10.03474310  14.15226968  14.56405647
Ti  14.59586572  16.27847625  12.72667593
Ti  16.76502129  14.56361256  12.31065076
Ti  12.30102025  16.27495665  14.47085371
Ti  10.03436791  12.31096517  11.89952125
Ti  12.30061826  10.18833113  11.99203598
Ti  16.76496769  11.89901364  14.15189491
O  12.68197585  10.94477967  10.37567459
O  14.11735975  16.08743892  10.94455018
O  12.68259224  15.51871981  16.08726802
O  14.11719895  10.37579593  15.51844536
O  16.32840302  12.21807959  15.90959529
O  10.47149537  15.90989779  14.24480658
O  11.65453470  13.16326316  12.00375909
O  10.47112018  10.55323121  12.21829481
O  11.65490990  13.29989230  14.45971278
O  15.14493490  14.45942722  13.16310409
O  16.32805463  14.24462600  10.55300330
O  15.14474730  12.00343715  13.29970621
O  10.32160549  12.56175624  10.08439611
O  16.47740852  10.08390762  13.90139594
O  16.47778372  16.37874504  12.56125558
O  10.32227548  13.90192848  16.37918161
O  13.87844176  13.25257622  15.14777781
O  12.92151023  15.14783906  13.21057875
O  12.92124224  11.31526348  13.25244325
O  13.87793257  13.21071155  11.31521772
O  13.17489998  12.62039854  17.43323024
O  13.17417639  13.84312741  9.02992407
O  17.69869082  13.23119402  13.23116698
O  9.10085918  13.23148511  13.23201380
O  13.62523961  17.43327427  13.84275388
O  13.62475722  9.02988119  12.62005641

