39 
# E(PBE) = -340.738 eV
Ti  13.31071590  13.40195469  12.97392170
Ti  10.62813258  14.46976912  15.59360835
Ti  9.79825349  12.24637763  14.16948623
Ti  15.85879129  14.74884783  11.90027747
Ti  16.93105389  12.04415835  12.69798152
Ti  11.90360879  10.06670631  13.20229420
Ti  15.63641505  13.08154591  15.03429801
Ti  13.48191261  16.35081118  11.59601878
Ti  10.56745092  12.08484391  11.10680401
Ti  12.38048375  16.70492317  14.20491742
Ti  13.68449275  14.70152906  16.30675350
Ti  14.71484040  10.51424737  13.70880150
Ti  12.35643809  14.06962740  9.88519491
O  10.71560497  16.15637990  14.84413302
O  10.53070936  10.57617534  14.37728749
O  16.37839944  10.26677717  12.86260432
O  15.32973380  16.46607348  11.40707008
O  9.29978758  12.44276933  12.42640413
O  12.43504182  15.98899176  10.20872923
O  17.35835940  12.63314548  14.33273410
O  11.28016348  10.37795749  11.50564281
O  15.07768980  12.35119327  12.94470420
O  13.58680557  16.37181191  15.57034011
O  13.33365299  13.61163969  8.64193049
O  15.13174636  11.26694349  15.31224772
O  12.01750238  13.04513032  11.66201597
O  12.75787669  15.29261089  13.11538203
O  12.95356778  11.51124478  13.42508761
O  11.24305238  13.39910804  14.22458966
O  14.12011263  14.21128831  11.36447334
O  13.68095585  13.58040715  14.88397988
O  15.65275343  14.66331418  13.65433267
O  11.94454714  14.35152590  16.88512793
O  9.15865455  13.34494121  15.54286772
O  17.11059136  13.41731583  11.47095198
O  15.38429186  14.00342946  16.61511057
O  10.66724969  13.02568720  9.60764181
O  13.44881353  9.11087785  13.56443264
O  12.84843727  17.72337784  12.77281007

