54
# EA1    28.773 27.097 25.998 90.00 90.00 90.00 Sym.group:    0
Ti  14.43745629  9.32995723  11.97528033
Ti  9.67893985  12.31676727  13.81457141
Ti  11.80064891  15.51843252  10.10453193
Ti  14.33585803  17.76746186  14.02250167
Ti  19.09423061  14.78059764  12.18321059
Ti  16.97255032  11.57890528  15.89332806
Ti  11.85741849  10.85193645  12.46198481
Ti  10.67066670  14.83546985  12.68738558
Ti  14.11220372  16.15297215  11.66374891
Ti  16.91578074  16.24542845  13.53577120
Ti  18.10247498  12.26192215  13.31044842
Ti  14.66099550  10.94447404  14.33400709
Ti  12.02697912  12.67011726  15.25581045
Ti  13.39923191  13.14402355  10.28040693
Ti  12.76515628  15.81994520  15.21798368
Ti  16.74616256  14.42732894  10.74197155
Ti  15.37402487  13.95331426  15.71729708
Ti  16.00812926  11.27747389  10.77974633
O  16.93900074  12.82286526  10.05245837
O  13.96810740  12.65746278  15.30031865
O  14.55263553  11.89003754  9.71362928
O  11.83425604  14.27455384  15.94529763
O  14.80506305  14.43990213  10.69741135
O  14.22059247  15.20730027  16.28404873
O  10.02347048  10.88065969  12.73795126
O  10.23967251  15.65665632  11.04965530
O  13.97207810  17.98066414  12.30428226
O  18.74972875  16.21670522  13.25980474
O  18.53349794  11.44065439  14.94815270
O  14.80123622  9.11678205  13.69347374
O  14.77384410  11.20013794  12.29643093
O  11.41169241  13.07273031  13.49693051
O  12.52320221  14.77485299  11.66874048
O  13.99949899  15.89730826  13.70132507
O  17.36147804  14.02468879  12.50085149
O  16.24999702  12.32262030  14.32911951
O  10.29402514  11.96008430  15.48802264
O  12.31333028  14.06422388  9.10452725
O  13.05352157  17.61409062  15.37488029
O  18.47917408  15.13730770  10.50978536
O  16.45984017  13.03314102  16.89330675
O  15.71979275  9.48330138  10.62292771
O  17.52157228  11.18233495  12.06211292
O  12.72421198  10.87635120  14.15007279
O  12.22608986  12.06923259  11.19771267
O  11.25168449  15.91508415  13.93566908
O  16.04901602  16.22101370  11.84765722
O  16.54728201  15.02818651  14.80014733
O  19.69021048  13.18548256  12.83146528
O  15.61074221  10.38404578  15.84372429
O  12.62428256  9.33155598  11.74847568
O  9.08293120  13.91190944  13.16639471
O  13.16245701  16.71331912  10.15403171
O  16.14906053  17.76583602  14.24930632
