54
# EA2    29.998 26.230 24.762 90.00 90.00 90.00 Sym.group:    0
Ti  10.93404694  14.82375610  12.98555962
Ti  13.41144218  14.71925391  14.62291841
Ti  15.78345400  16.11883304  13.32316397
Ti  17.12853997  11.30960771  10.40157648
Ti  19.23833817  11.22695550  12.34979671
Ti  14.33802430  10.52279856  10.14063512
Ti  15.38381896  16.18676996  10.33756686
Ti  9.34870598  12.47274539  12.32253381
Ti  15.82422145  12.96745204  15.07982580
Ti  11.64452256  12.10512537  10.46808706
Ti  17.99455587  14.57889467  10.52182048
Ti  17.01649697  10.39337742  14.01270982
Ti  11.72971724  11.53723572  13.70098171
Ti  18.26069924  14.84804551  13.81107331
Ti  12.75610312  15.23386948  10.73719987
Ti  20.39929564  13.82558183  12.22695271
Ti  14.21296211  9.98357881  13.17449326
Ti  14.37906173  13.01469311  12.23017176
O  15.68458018  9.13588874  13.87342389
O  19.83644081  14.66781596  10.66957500
O  11.12198520  12.97046854  12.30064425
O  17.48401776  13.80517453  15.05164671
O  9.81499685  11.33649394  13.63823494
O  13.66138657  16.47436082  9.71242682
O  14.29083724  16.30567267  14.40674664
O  15.23928799  14.13174387  13.56045768
O  11.62424383  15.34815563  14.58349739
O  17.14659884  11.25394665  12.33345383
O  15.99488079  10.22969930  9.38061677
O  18.86546146  10.66879735  10.64486258
O  15.51473079  17.18890503  11.84287019
O  9.12641987  14.20044146  12.90144330
O  14.50244402  13.83255914  15.95852815
O  12.64981976  10.94796823  9.45435784
O  17.51122606  12.98400346  9.79743457
O  18.85361220  10.13437777  13.79101614
O  12.40413511  12.77775329  14.66798515
O  17.29100982  16.41405697  14.25099401
O  11.24302764  15.92572433  11.55444307
O  20.93857196  12.07745222  12.28284042
O  14.21992167  9.30032755  11.45059148
O  15.16969234  12.05631047  10.83463812
O  12.96638998  11.61291062  12.02900573
O  18.73208980  13.14833735  12.54464845
O  14.72784994  14.60349885  10.98625550
O  17.21022487  15.05122673  12.17205548
O  14.96120536  11.73322978  13.61112062
O  12.96851985  14.43777475  12.60838569
O  9.82387630  11.82296421  10.59112916
O  12.16696992  13.74114595  9.85166323
O  16.63351090  11.33646771  15.51246649
O  12.65029973  9.92526847  14.05525084
O  17.03179601  15.81230378  9.55521324
O  20.10342413  14.96088899  13.66547308
