54
# EA3    27.744 26.972 25.959 90.00 90.00 90.00 Sym.group:    0
Ti  17.80457135  13.70250697  13.80845641
Ti  10.34165811  12.04301346  14.42232595
Ti  15.74255427  11.49127846  10.18047912
Ti  16.22571597  15.77733912  14.99484340
Ti  16.78792033  14.09184480  10.71732942
Ti  9.11193319  14.45216098  13.53041359
Ti  13.44127295  11.76396329  15.83468276
Ti  12.54503087  11.69888035  10.43570431
Ti  14.31371068  13.65193486  12.82742809
Ti  15.39453357  16.61875117  10.59104072
Ti  10.18956552  13.76451512  11.10172473
Ti  13.73055960  14.55457288  16.12661345
Ti  16.48159886  10.96468118  15.02344981
Ti  12.51878505  10.28135080  12.90455116
Ti  15.66215216  9.59993542  12.79324058
Ti  14.58987442  17.62803567  13.63993302
Ti  12.84058767  15.21295435  10.59571327
Ti  12.03637243  16.06291646  13.95815979
O  15.20903720  11.27865982  16.29685011
O  12.03146174  10.11285801  11.08871946
O  15.48883541  11.28494425  13.52555932
O  15.31299396  17.83841565  11.98522649
O  10.99289296  15.26948723  10.49377375
O  12.26628693  15.60029627  15.68466788
O  17.91937601  12.13393538  14.74750963
O  10.72238898  10.52922158  13.51522779
O  16.36177253  10.06018210  11.12994175
O  15.98631302  17.62995066  14.82289348
O  13.14885122  13.63008771  10.00092332
O  10.20063538  15.92962186  13.81211658
O  13.07483023  12.05005310  12.29021437
O  13.80962999  16.57432863  9.72280262
O  16.02182534  14.05902013  13.81730830
O  15.47238322  12.76475167  11.50078665
O  13.74753893  13.26683160  14.66475354
O  14.45753556  15.84304241  14.02707994
O  14.10058129  11.18744122  9.50719029
O  18.09269276  13.88656249  11.97266252
O  11.41302030  12.13630889  15.77549710
O  8.53058548  14.27347286  11.80660520
O  15.44597094  15.21629885  16.50067722
O  16.88383133  15.79535628  9.91606457
O  12.70905338  17.74819500  13.71965196
O  10.59543245  13.39287079  12.97004477
O  12.75999136  14.85484985  12.53259004
O  16.66196258  9.26891061  14.33601352
O  13.96785401  9.04879381  12.67375304
O  13.09067206  10.42788855  14.73193446
O  16.90344633  12.75986978  9.46116565
O  10.74175429  12.35977020  10.16563079
O  18.00807357  15.21290041  14.80007585
O  15.05294948  15.07642313  11.49710053
O  8.77256862  13.11964652  14.69883721
O  13.37440991  13.25652837  17.20493469
