54
# EA4    28.095 26.773 25.686 90.00 90.00 90.00 Sym.group:    0
Ti  13.82000188  16.29622855  11.15953874
Ti  15.59125671  10.08415233  11.90622899
Ti  16.03721004  15.95396451  15.45199307
Ti  11.13315624  15.12855773  9.87670589
Ti  13.31044127  16.41831272  14.50012354
Ti  13.28956662  8.82449002  13.08549614
Ti  16.14914087  12.27248428  10.08001010
Ti  15.07717279  13.22222415  15.86468905
Ti  14.94049018  13.52917480  12.97517503
Ti  10.69577191  15.29216658  14.68241665
Ti  13.93918125  10.61551296  15.14157850
Ti  13.13937028  13.05620574  10.21193308
Ti  16.87728126  15.45764953  10.56365065
Ti  17.79711444  12.05819444  13.05606005
Ti  18.14352688  15.07916183  13.05338871
Ti  9.66796930  13.87363422  11.83453953
Ti  12.14679892  12.95409412  15.30137072
Ti  11.14990091  11.17324485  12.23359628
O  16.84626429  14.03552960  9.51381495
O  16.40227761  12.87251726  13.98609653
O  16.44939307  14.73855771  12.23339080
O  9.47259606  14.91266152  13.34220141
O  12.42676647  11.19937515  15.89661667
O  12.34295882  11.59087444  10.87979318
O  15.42945709  16.63273643  10.36386541
O  17.02028526  10.28502898  12.99654573
O  17.56659425  16.15133392  14.42994956
O  9.34774149  14.84425690  10.28482978
O  13.47850609  13.66108461  16.51464605
O  11.59017903  9.37866112  12.58611011
O  13.93336556  12.62047771  14.28338559
O  10.66880062  13.94487675  15.89006676
O  13.96238779  14.43656003  11.43165558
O  14.88710951  14.99913780  14.35538327
O  15.10987547  12.16065411  11.68515011
O  11.44591076  14.20063773  11.42253707
O  16.20901150  14.56150890  16.57767934
O  13.61580678  17.04407440  12.80939798
O  16.22791949  10.45353726  10.16783033
O  13.61384013  8.76990019  14.88469342
O  12.07141980  13.90560099  8.93457134
O  11.60195087  16.88555239  15.04492231
O  9.55280754  12.04836880  11.70449163
O  14.04052023  10.48282675  13.15852126
O  11.41986661  12.19002392  13.64318924
O  18.48774790  15.86365971  11.42138121
O  18.96761200  13.51803730  13.50065797
O  17.72120152  12.37387304  11.36746642
O  14.62231331  17.12109987  15.64181216
O  15.24647379  11.40006439  16.18917952
O  12.30337284  16.54904452  10.16726523
O  12.33082174  14.71786230  14.11501426
O  14.70626143  8.45167817  11.92986005
O  14.54252326  12.57563319  9.18783469
