54
# EA6    31.104 27.238 25.509 90.00 90.00 90.00 Sym.group:    0
Ti  14.13324573  17.27086361  12.73571860
Ti  13.77169382  13.92437724  15.86162737
Ti  13.84267296  11.19735434  14.88745298
Ti  13.65278355  14.06723816  9.78809429
Ti  14.31623006  10.39183121  11.78815041
Ti  11.63532142  10.22265883  12.57488251
Ti  11.37302210  12.67588994  11.23605278
Ti  12.40903130  14.89038398  13.18896772
Ti  15.41705982  13.97729979  12.57141325
Ti  16.23876305  12.02276087  10.28828051
Ti  15.16925493  16.96449572  10.15399959
Ti  21.73131009  11.93412990  12.53717978
Ti  15.04026699  16.54678074  15.37608349
Ti  19.25584280  12.95662731  10.90593702
Ti  17.89566860  15.49658276  14.26765369
Ti  17.70646348  15.63854484  10.97812832
Ti  19.49465866  12.91740524  14.48208480
Ti  16.36078371  12.52937919  15.32901884
O  12.21998171  14.50238516  14.90321772
O  15.65027698  13.66188903  16.45175935
O  14.54907397  18.01959646  14.34961504
O  15.42825723  10.97939951  15.74612129
O  13.15493429  12.31589132  16.31240209
O  15.58785142  10.32591636  10.37827729
O  10.34503771  11.21018322  11.60711095
O  14.71019225  10.10082529  13.45059103
O  12.81627486  9.18490840  11.71060216
O  14.95326934  12.94284511  9.27201578
O  10.99271454  13.99827270  12.39953163
O  12.00066800  13.31368427  9.59409612
O  12.78846796  11.68338107  11.97168977
O  12.41323033  16.64717833  12.69240383
O  13.62329704  14.17251127  11.69144468
O  12.11002937  10.44151249  14.28257662
O  14.50384888  12.89218328  14.23324165
O  14.49128289  15.44695595  13.91692642
O  14.33965131  18.25179652  11.14932118
O  14.05492607  15.79600508  9.29433641
O  15.43447801  12.17959465  12.00082138
O  18.06244779  11.91623484  9.99563790
O  20.95181487  12.32561512  10.85144917
O  16.81636275  14.00415601  13.90975831
O  23.24936776  11.33983393  12.43310186
O  14.02926534  15.76054180  16.59216250
O  19.19652764  14.76626249  10.43919348
O  19.44262181  14.73714556  14.80901190
O  16.96709232  16.85181400  9.78153840
O  21.17781592  12.25776640  14.32821275
O  15.40455605  16.07734167  11.77848238
O  19.02676247  12.75272705  12.71247964
O  16.88255188  16.41949970  15.44375964
O  16.72525938  14.03093052  11.14702535
O  18.07336527  16.30390356  12.64965025
O  18.18798319  12.17834172  15.52056812
