54
# EA7    28.662 27.440 25.602 90.00 90.00 90.00 Sym.group:    0
Ti  10.92792737  12.47937757  13.61575666
Ti  14.29357892  15.64119124  15.92227404
Ti  13.03511043  12.57184992  16.25255920
Ti  11.32160183  17.74648767  11.83757777
Ti  12.16085790  16.40467812  14.19381329
Ti  14.02885542  16.90427580  11.27687896
Ti  15.91041013  15.84471274  13.44758030
Ti  15.00735215  10.81086895  15.45194859
Ti  17.45246181  12.66295028  14.44829236
Ti  18.34520143  13.82508357  10.47567952
Ti  19.24476263  15.12035510  13.33001814
Ti  17.25274404  11.41899131  11.35112336
Ti  15.44774590  14.53791647  10.07547662
Ti  10.68343933  14.85569758  11.97976858
Ti  12.61208594  12.93133963  10.58328269
Ti  11.43349882  9.93188766  11.41251579
Ti  14.31685258  13.41307396  13.10472480
Ti  14.58128946  10.01752749  12.19748388
O  13.92613031  14.05428879  16.85867509
O  11.41240349  12.61484820  15.44613705
O  15.91425085  16.20466893  15.27460689
O  12.90681870  16.72545018  15.88241248
O  10.83721170  15.24847185  14.02138708
O  12.40623446  16.16307009  12.16778612
O  15.16479327  17.33126759  12.55984773
O  9.98190484  16.51268145  11.46643259
O  11.40443541  18.01301111  13.57909529
O  9.71153489  13.39257637  12.58460440
O  12.81853932  18.27802535  10.90404409
O  14.76097241  16.23101120  9.73907270
O  16.63837111  13.14600172  11.22086285
O  17.18713640  14.78163737  9.39862374
O  13.77711586  15.10188807  14.21641943
O  16.60191287  11.56343477  15.74250020
O  17.48674173  15.65784724  12.75541772
O  13.79815387  11.00560970  16.82751805
O  18.81365541  13.73776991  14.65530622
O  20.08763012  16.36686599  13.97704525
O  17.76212755  11.46533725  13.08560047
O  18.64030680  11.98666730  10.28067277
O  19.61983537  14.51895552  11.50158347
O  16.00505251  13.68552441  13.88211483
O  11.38187831  14.22438853  10.40366246
O  14.26153465  11.88966736  12.02715699
O  11.83786426  11.42579640  10.22194289
O  10.22957438  8.90388045  11.03374137
O  16.09089561  10.00037757  11.14280382
O  11.08511053  10.80675297  13.08844224
O  14.02596054  12.25190106  14.71931001
O  14.74251399  14.85871596  11.88458215
O  13.20874566  9.13198807  11.57723595
O  14.82821378  9.68863323  14.01217053
O  14.13132256  13.41365019  9.55463938
O  12.33503771  13.37550878  12.59072316
