54
# EA8    28.413 27.627 24.877 90.00 90.00 90.00 Sym.group:    0
Ti  16.13376302  10.38707000  13.69415141
Ti  18.04130418  12.68207122  13.51645262
Ti  18.85007072  13.03238560  10.72951952
Ti  16.08080181  12.19795775  10.61712373
Ti  13.27371565  11.46953591  10.57816582
Ti  13.36957999  10.17149405  13.65984557
Ti  12.90165179  15.35056614  15.47347785
Ti  15.21861946  17.35959701  14.64725184
Ti  14.79706074  17.36636570  11.83116250
Ti  12.51404620  16.78099811  10.20697112
Ti  9.77253647  15.15482660  11.34794517
Ti  10.62687692  14.55266160  14.02860229
Ti  10.66807529  12.55520658  10.71081177
Ti  10.88267616  11.49138911  13.71651614
Ti  14.22582409  13.33694915  13.85227175
Ti  17.10675477  15.28589060  14.13455486
Ti  17.19122563  15.33617231  10.90821341
Ti  13.95743805  14.43217887  10.27702569
O  11.10080019  15.30890415  15.67809392
O  13.72442577  16.99698847  15.64033013
O  15.10349134  18.54083058  13.23367196
O  13.50931348  18.20178814  10.74054018
O  10.72339475  16.52074878  10.57189673
O  9.32168429  15.51182679  13.11072818
O  14.87667303  9.06377677  13.97250391
O  17.62917846  11.15055091  14.46368199
O  19.47051811  12.36051688  12.31176772
O  17.78053273  11.96160605  9.77639422
O  14.79527074  11.41856351  9.55481181
O  13.36543174  10.14323130  11.86507031
O  12.51200049  13.28871185  10.20314001
O  10.08592818  11.47169084  12.08418987
O  12.55263060  12.12875132  13.46672283
O  16.11069194  13.65761941  13.89632951
O  17.75413737  15.90557132  12.56745696
O  15.79945960  14.20961321  9.95909337
O  18.51713110  14.08921336  14.52167105
O  18.73306736  14.80550681  10.09835668
O  14.45730208  12.90264772  11.70906455
O  11.59810709  11.13402977  9.88856612
O  11.64907941  9.90524959  14.31173123
O  14.74347445  11.50666702  14.21913779
O  16.79702830  16.68035179  15.30856600
O  16.13407556  16.90324899  10.72556403
O  13.24911028  15.64242112  9.01300835
O  9.35026743  13.74776735  10.18463128
O  10.09820245  12.91364339  14.60013416
O  13.99963085  13.86432700  15.61460697
O  13.48825969  15.79735512  11.48417345
O  10.98285922  14.01315536  12.05264541
O  12.64099399  14.80564494  13.75629500
O  15.15838461  16.02928644  13.41127125
O  16.38177718  10.93735090  12.00378632
O  17.33556197  13.47508573  11.75829679
