Ti  10.87779810  16.19790918  11.46119375
Ti  13.69724743  13.22236526  14.19366049
Ti  14.19806497  15.59538321  12.55928498
Ti  17.06613762  15.46922148  11.39098271
Ti  10.57629019  13.48276950  13.34028795
Ti  11.51901988  13.52812351  9.85945689
Ti  13.29535414  10.29656358  12.24437896
Ti  10.42076049  11.43351762  11.39916609
Ti  15.69456482  10.52681209  10.88866539
Ti  16.30875561  12.91759704  13.14398167
Ti  14.83739269  13.07672405  10.02506956
O  13.25525410  13.53328771  9.23569344
O  12.77824765  16.09200289  11.61791144
O  10.28016684  17.71762963  11.33761283
O  13.50646108  11.28806371  13.66902270
O  13.71315756  15.07861511  14.23792191
O  15.70763386  16.48705101  12.26193172
O  18.31724797  16.30662501  10.74454299
O  14.63608076  13.62094537  12.36705853
O  11.58552858  12.95545894  11.72958495
O  10.67321214  15.04696096  9.88735155
O  9.44618346  12.07545742  12.78870430
O  10.17869913  15.14494702  12.94499504
O  11.83189217  13.18613557  14.59054264
O  11.51328358  10.03934348  11.73935757
O  15.97491332  14.42008564  10.14649197
O  15.43453691  12.90122143  14.75876450
O  16.62476663  11.34425451  12.18161598
O  15.85869898  11.63114870  9.41380653
O  17.48910914  14.14410852  12.78849083
O  14.69533790  9.18834713  11.70282885
O  14.06418171  11.49829759  11.05370878
O  10.40184691  12.05223189  9.67510546

