33
# E(PBE) = -287.017 eV
Ti  13.72926674  15.30291624  11.07398022
Ti  12.38622826  12.74793264  10.25340253
Ti  16.32938925  14.51521840  10.34915489
Ti  14.90189417  11.43429977  9.77442592
Ti  15.74271548  9.33768642  11.59498572
Ti  17.21843032  11.23069238  13.02007777
Ti  18.16946000  13.90277305  12.82687852
Ti  13.15941515  10.54867865  12.79597142
Ti  10.25899932  12.23939605  12.62067204
Ti  14.72327365  13.24140411  13.48060558
Ti  12.26098362  14.75522048  13.46172718
O  10.73180648  12.41698187  10.72462253
O  12.69447179  16.17035270  12.34176823
O  12.70360301  14.52597195  9.82268397
O  13.78172086  14.35556363  14.52352350
O  17.91424668  14.75615888  11.14507850
O  15.29966400  14.25923816  11.88362707
O  15.16471204  15.91049205  10.04242275
O  15.47419419  9.65836552  9.78165747
O  16.01449174  12.89226867  9.51957953
O  13.41310180  11.91871695  8.85995745
O  19.21589222  14.65427910  13.82898475
O  17.15027742  9.37436010  12.79549409
O  15.90909382  11.23967059  11.70756396
O  18.65010215  12.03515461  12.45396460
O  13.48425043  11.40716227  11.18696419
O  14.13075243  11.58908501  13.94779214
O  11.44663421  10.75644543  13.12754858
O  10.71193095  13.90883461  13.56086859
O  14.20040320  9.00478276  12.46069495
O  8.68883250  11.84341671  12.82525560
O  16.61176579  12.92196776  13.82022574
O  13.01245146  13.62006110  12.18489378

