33
# E(PBE) = -287.059 eV
Ti  14.75201150  15.65426082  12.98162529
Ti  15.43355713  13.86412360  10.56122937
Ti  17.70992665  12.08912104  12.14520669
Ti  14.86207766  10.63310467  11.98851771
Ti  13.26673395  12.08067858  14.61840268
Ti  10.84358220  13.47911630  12.93093325
Ti  11.56460719  15.98807280  11.90258429
Ti  12.81588130  12.86626540  10.21588368
Ti  11.98790910  10.09173160  10.99955180
Ti  10.81433519  10.64018296  13.47679025
Ti  15.77289359  13.68309964  14.60773851
O  17.14867953  12.87841431  13.82441759
O  15.49719469  15.51544919  11.29561908
O  17.02452337  13.15024625  10.63163773
O  16.60573573  10.50657065  11.88681123
O  19.31306774  11.78179472  12.09379545
O  13.15229032  16.42805908  12.86042569
O  14.45231856  10.99705729  13.68057522
O  14.38288085  12.27179231  11.11564252
O  12.07770208  13.46475381  14.22296016
O  11.93603601  10.76272740  14.91583399
O  12.02358553  11.50118571  12.27255679
O  9.69041827  12.03530033  13.37218213
O  11.05695679  17.04742200  10.75799582
O  10.72673095  9.35224372  12.11708303
O  11.84063440  14.06488954  11.27999483
O  14.55828084  13.81650604  13.18233500
O  11.97398326  11.33959487  9.60690963
O  13.63208903  9.41427525  11.21779540
O  10.19473084  15.11996603  12.96297538
O  15.83423297  15.52170382  14.48698531
O  14.50049816  12.81687183  15.72814658
O  13.98113801  13.84049499  9.26563121

