33
# E(PBE) = -286.920 eV
Ti  16.57681511  12.87651954  13.11296947
Ti  13.30217824  12.89540649  13.22086195
Ti  15.33154328  11.13579847  10.31839681
Ti  17.99702351  10.07961394  12.20497445
Ti  10.76480007  10.67209584  13.25626159
Ti  12.64660700  10.40655258  10.71452002
Ti  16.16689412  15.75125061  12.10035145
Ti  13.49629093  15.96668462  12.94516810
Ti  12.05276325  14.98051998  10.47787162
Ti  15.16895221  14.03013306  10.04192676
Ti  10.52821998  12.69860351  10.76273880
O  17.11758160  14.68928228  13.18016999
O  17.76702208  11.53014660  13.35888528
O  12.99390467  14.63589724  14.01388456
O  19.53948315  9.82382126  11.72791425
O  16.10743416  12.77875786  11.36011076
O  14.99874667  12.57430285  13.92713779
O  16.77913014  10.13328051  10.82285940
O  14.54868182  14.72454815  11.93661927
O  14.12095643  9.84644464  9.77232494
O  13.81464246  11.61477956  11.54221312
O  12.17708608  11.81972081  13.98107227
O  11.79893865  9.57545026  12.04112466
O  16.37615174  15.41515002  10.28391450
O  15.35701812  12.50118632  9.04542086
O  12.02496488  13.51888038  11.63441684
O  12.25768175  16.38281159  11.68216520
O  10.44294925  14.39766070  9.89635306
O  11.40864169  11.45193725  9.80650147
O  13.53027605  14.67449007  9.45125839
O  9.88062712  9.82169711  14.34257203
O  15.09238771  16.94092335  12.99795003
O  9.74003959  11.92467387  12.14146678

