33
# E(PBE) = -287.416 eV
Ti  13.02229541  12.22092344  13.31072006
Ti  18.66323113  11.39121666  11.92639701
Ti  14.65107860  12.74091719  9.34666659
Ti  15.61013437  10.43473496  11.82361762
Ti  12.62639555  9.75274963  11.99125420
Ti  11.84851429  11.60725640  9.95288887
Ti  17.45346711  13.87506215  9.95272661
Ti  16.27977389  13.26182831  13.31097504
Ti  16.67590817  15.72956893  11.99106876
Ti  13.69184702  15.04755811  11.82320038
Ti  10.63813492  14.09150961  11.92642019
O  15.20825689  11.60277150  13.23823671
O  12.54552192  10.42235052  13.67642835
O  17.31437032  10.00143232  11.88522962
O  11.46852544  13.00911940  13.32388621
O  20.16077049  10.84140851  12.28948598
O  13.13126970  11.90805060  8.66026526
O  15.48563001  11.45301147  10.30974246
O  14.27322880  9.09894782  11.74160735
O  11.46591755  9.88474843  10.54538869
O  10.73547630  12.89771037  10.38368614
O  13.01596617  11.59698700  11.50264641
O  16.28630825  13.88535704  11.50271595
O  16.75666459  15.06042672  13.67642835
O  17.83342666  12.47342849  13.32425708
O  14.09392962  13.87990380  13.23805127
O  9.14039045  14.64144518  12.28913828
O  11.98752317  15.48073334  11.88509054
O  17.83653267  15.59749367  10.54531915
O  15.02895771  16.38306495  11.74128284
O  13.81676162  14.02933257  10.30927887
O  18.56662230  12.58468463  10.38322255
O  16.17077030  13.57378379  8.66003346

