33
# E(PBE) = -287.364 eV
Ti  15.87817865  14.10460671  13.86195508
Ti  14.14166101  15.91142402  12.43792713
Ti  17.70192217  11.87101629  13.77239735
Ti  18.33570049  11.74664371  10.70300074
Ti  15.86149046  13.04483135  10.67415524
Ti  15.53713176  10.54888662  12.31602310
Ti  10.26200173  11.40699442  12.99603847
Ti  12.99817615  13.30799214  13.27063424
Ti  12.86243410  10.12791000  11.62689610
Ti  11.30802415  12.45769700  10.14222784
Ti  13.19272829  14.49806258  9.94476922
O  17.36586453  13.39105841  14.76614054
O  15.55605651  15.94030568  13.66821305
O  17.49377862  13.45164436  10.21361028
O  18.96867595  11.77693669  12.52009965
O  13.52247768  16.16707457  10.67468276
O  16.38083141  12.58607672  12.64986845
O  12.77202542  15.21135886  13.30477888
O  19.29547194  11.04446158  9.58668214
O  14.66977617  13.57919241  9.38313311
O  14.85156844  14.24248764  11.97009286
O  13.89374682  11.52330231  12.44197940
O  16.35648731  11.13481126  10.67300430
O  16.68898939  10.29933499  13.72321852
O  14.46928854  9.17103500  11.80649113
O  8.91160630  11.02107399  13.83373301
O  11.53170893  12.59698925  13.88228841
O  11.46879848  9.90431658  12.66869116
O  12.28944435  10.90302714  10.05631476
O  9.94246024  12.20257570  11.23303388
O  12.45053410  13.39252013  11.30240216
O  11.75456217  13.90150263  8.99039786
O  14.40517379  13.36827567  14.54175465
