33
# E(PBE) = -287.373 eV
Ti  16.94797062  14.69438326  11.18430656
Ti  15.18234563  12.89431286  9.76468287
Ti  15.62386851  9.89874676  11.07631214
Ti  19.42788126  13.39074302  12.00838664
Ti  17.55285959  11.50461126  13.00841585
Ti  12.82471902  10.03190210  11.33880248
Ti  12.01226211  12.42980868  9.93250186
Ti  10.68492358  14.43327160  11.90234252
Ti  14.52745259  12.40643836  13.47145717
Ti  14.18033974  15.04973338  12.33843223
Ti  11.58843747  11.65326269  13.34334892
O  18.64189881  15.10889109  11.52118991
O  16.41276664  14.18596508  9.46454957
O  17.15693810  9.92645801  12.10944930
O  14.15920099  8.80213329  10.83388865
O  15.72218556  11.14522308  9.73220935
O  17.48480739  12.86960492  11.74070336
O  16.14673912  11.97398636  14.13312268
O  19.20392714  12.02476508  13.40282104
O  14.51625634  10.81818993  12.19401673
O  20.32961658  12.79608682  10.78642375
O  11.59893395  9.88229163  12.67566805
O  13.51337575  13.14376460  9.11070103
O  12.01016282  10.58567285  9.78634754
O  10.61832923  13.46257018  10.19590860
O  12.51209878  12.12059352  11.74502690
O  13.06409714  11.80948550  14.40407211
O  14.29571358  14.20716495  13.91278682
O  9.53625850  15.58656947  12.03475081
O  12.47813100  15.22480892  11.85365574
O  10.47009557  13.01641398  13.25607928
O  15.76032278  15.92092162  11.86989250
O  14.90392643  13.42716136  11.57610352

