33
# E(PBE) = -287.056 eV
Ti  14.69218133  13.63494284  13.83591637
Ti  11.82492010  11.18644483  14.29358179
Ti  11.95450079  14.05688122  13.90120145
Ti  10.29485093  13.02316281  10.38346220
Ti  10.78643984  15.47168633  11.61629529
Ti  13.40877154  11.95040438  10.07117510
Ti  13.71773134  15.19909515  10.78488532
Ti  16.14446015  11.26253459  10.67326194
Ti  16.39512960  13.97877567  11.44864491
Ti  14.35855822  10.84401540  13.07543724
Ti  11.02091171  10.41018640  11.19515985
O  13.32649933  13.79686960  9.74568267
O  17.42876107  12.60405674  10.73077214
O  15.33720176  11.95185881  14.17549928
O  15.02229235  12.58724146  11.48228025
O  13.32196506  10.00661979  14.29028046
O  12.99730565  12.36323342  13.35827548
O  11.04494599  12.81267843  14.86763121
O  11.32861344  13.68130605  11.81743746
O  9.59361073  14.77932566  10.39157200
O  13.67453778  14.67322868  12.50409109
O  13.07305165  10.73054418  11.42630110
O  13.48223730  14.34189886  14.99631148
O  10.79162936  10.43399315  13.13792337
O  10.91321610  15.54961327  13.46293735
O  9.43037679  11.71200511  11.06901538
O  12.19193436  16.27774786  10.77474209
O  14.90741529  11.17753962  9.30667696
O  15.58270790  15.32369149  10.53207009
O  15.79733904  10.11713111  12.00434562
O  16.34226466  14.35197782  13.19588810
O  10.69368375  8.94409342  10.55948552
O  11.57978088  11.78500739  9.61654786

