33
# E(PBE) = -287.041 eV
Ti  17.76549931  11.11195761  12.78809360
Ti  15.51829165  9.51939371  12.04053536
Ti  13.35627601  15.04294911  13.38774267
Ti  15.97691812  13.18795913  13.30750111
Ti  12.53950452  10.54290314  12.59539569
Ti  11.26326027  13.29170898  13.57176646
Ti  17.14895729  13.68307519  10.72904086
Ti  15.05120239  11.63419782  10.14522739
Ti  12.67048020  13.13712648  10.23336311
Ti  14.81043619  15.32519089  10.65640984
Ti  9.87826925  11.68618576  11.17655004
O  18.39493298  12.21143976  11.57203811
O  17.22988971  12.12574756  14.20691562
O  15.28768078  9.77634473  10.27101401
O  13.35943545  11.63716138  11.37274596
O  17.10060658  14.32712290  12.58166363
O  17.25443179  9.29885936  12.61120765
O  14.63364863  14.04410256  14.20949186
O  15.86963823  11.39532956  12.24968338
O  11.84981583  14.90072317  14.40651502
O  15.17972387  13.54529460  11.27153997
O  13.92432628  9.27967154  12.88851964
O  12.13611181  11.74025824  13.96094393
O  16.58432034  15.26398576  9.99800363
O  14.20613699  16.17209202  12.17218351
O  12.46706309  13.89951581  12.20409105
O  13.81154558  12.26086598  9.01605494
O  11.00483506  12.71248295  9.94465894
O  8.41917245  11.23373999  10.59049122
O  13.35709408  14.88713598  9.74687946
O  10.98099822  10.20922596  11.82729844
O  16.63566123  12.37893134  9.56243023
O  9.78684298  12.93394656  12.68506770
