33
# E(PBE) = -287.547 eV
Ti  10.82176309  12.32364548  12.31432022
Ti  12.72190342  15.11670611  12.54670695
Ti  14.14392348  14.81690789  10.17801139
Ti  14.16199707  11.85217524  10.46364081
Ti  13.05977990  10.88043022  13.22249267
Ti  14.88732416  13.75515811  13.99042549
Ti  14.67949301  9.26649722  11.43511452
Ti  17.05120607  10.82339874  11.87316990
Ti  19.74293325  12.78938997  11.90056498
Ti  17.54806373  12.86287042  14.20107507
Ti  16.93386355  13.88433905  10.93842447
O  12.54216327  11.71149258  11.53103358
O  15.91045807  15.19736886  10.11357370
O  11.23775729  14.18657322  12.64344811
O  12.95046337  15.99518169  10.92012078
O  11.36756124  11.11483435  13.70165276
O  9.45239479  11.96252147  11.49048499
O  13.77756375  13.25282407  9.29861225
O  13.75620132  15.21866463  14.07004774
O  13.93159657  12.24948698  14.18378691
O  14.13197500  10.13394823  9.87195051
O  16.25452000  12.21355037  10.49311531
O  18.66853552  14.00972794  10.80507593
O  13.44529944  9.06740188  12.75590578
O  18.72206230  11.19702899  11.44236829
O  16.49786469  9.07988300  11.52515803
O  21.35003407  12.73014856  11.59573724
O  17.15041467  11.17543187  13.69877543
O  19.21904065  13.23431584  13.73320668
O  14.91297115  10.99228323  12.10751514
O  16.18901457  13.61638403  15.26783918
O  14.07603439  13.91402254  11.83786820
O  16.55718468  13.73885982  12.80629532

