33
# E(PBE) = -286.873 eV
Ti  12.23769462  11.11828284  9.83406430
Ti  10.77674269  10.10936816  12.57353595
Ti  13.65631436  12.33112459  12.81656834
Ti  16.83872191  11.71443727  12.70049041
Ti  15.11654879  11.05517862  9.86685585
Ti  11.66064292  14.07841831  9.66443685
Ti  10.72991953  15.89343678  11.72655581
Ti  13.21362018  15.50907474  12.92183918
Ti  16.10432630  14.98635585  12.12398851
Ti  14.88176861  14.21122010  9.74862575
Ti  10.83589614  12.92595516  12.86204146
O  9.62742260  11.65777067  12.91788198
O  11.53816393  12.48318732  8.74354265
O  15.55618698  12.66889179  9.09834865
O  15.09829254  11.79257125  13.60955929
O  13.67310905  10.25151489  8.99971943
O  10.46157654  8.73423617  13.40343764
O  16.37678824  10.71247938  11.08664611
O  13.74974811  11.59404346  11.02395569
O  11.53545340  12.81926725  11.16669267
O  17.99269243  10.96463666  13.57792481
O  11.19884212  9.96955767  10.70444053
O  12.15587366  11.34783059  13.30890448
O  12.70571371  13.86504247  13.61976470
O  14.59477076  13.92305889  11.63921966
O  17.16108959  13.65844170  12.59903792
O  10.00679124  14.62683574  12.73594324
O  14.97225265  16.00905430  13.20361050
O  16.13921780  15.41757233  10.32306805
O  13.31858699  14.62244882  8.96079537
O  10.32185110  15.32700441  9.95521023
O  11.83786410  16.70286322  13.06994500
O  12.39448048  15.22800010  11.24870627

