33
# E(PBE) = -286.957 eV
Ti  15.33877797  11.99188147  9.88493442
Ti  11.08809795  13.77297427  13.44634288
Ti  13.08219589  14.75662012  10.65266602
Ti  15.48171433  16.66927511  12.01172778
Ti  13.61894158  14.76646743  14.11736337
Ti  10.10660903  13.87811815  10.34113852
Ti  12.27686952  10.62352869  13.20987228
Ti  17.28928559  11.37451856  11.94927098
Ti  17.22067171  13.91811623  10.86719873
Ti  12.61544967  11.33012624  10.47737566
Ti  14.83309697  11.65781407  13.66803850
O  11.14728989  12.25249111  10.11142895
O  13.79355228  13.11598387  10.13395784
O  16.48936298  13.30228865  9.26757666
O  14.57751302  16.16955052  13.67907836
O  15.87793457  18.25365992  11.91246355
O  14.22576987  16.10384883  10.68153042
O  12.71152573  14.24606877  12.50320272
O  11.89547498  14.76996164  14.80299336
O  8.76542374  13.98373850  9.40667423
O  9.86014219  14.20710306  12.27689730
O  11.51843115  15.11197042  9.91103294
O  18.47326306  12.73350052  11.54275810
O  13.71122116  10.41437920  14.39215436
O  14.63213255  13.26059641  14.49458634
O  13.99994817  10.78005330  9.38452358
O  11.14809353  11.94756857  13.72564910
O  15.93022633  12.72783567  11.72852096
O  16.51796134  10.91386555  13.55274637
O  11.91016212  9.92929321  11.59190559
O  16.60187202  10.63493780  10.49460919
O  13.51760032  11.67713810  12.26212232
O  16.98448587  15.50062158  11.57710697

