51
# EA1    28.197 26.641 26.152 90.00 90.00 90.00 Sym.group:    0
Ti  14.20390650  13.16393640  13.08121140
Ti  11.79311784  16.33551477  13.76104117
Ti  14.33663142  10.43905059  15.34874900
Ti  15.19512788  16.48337328  12.46770394
Ti  15.29796361  10.88758138  10.43898940
Ti  9.78591782  11.09239871  12.23204531
Ti  17.35033578  14.74746108  11.75458226
Ti  11.69262249  13.43706171  11.27657001
Ti  10.48797539  13.44409498  14.33090039
Ti  17.18123628  14.14217363  15.17201157
Ti  12.98186164  13.26847637  16.37065122
Ti  17.26526438  11.40881593  14.89097865
Ti  14.95756522  13.86726337  10.18392574
Ti  12.65059919  16.40017289  11.09996333
Ti  17.68673014  11.54641758  11.71959044
Ti  14.32639578  15.69820463  15.66082473
Ti  13.09521498  9.81165096  12.85415689
O  15.12607257  16.71453873  14.23332606
O  10.49274074  12.24065991  10.83370648
O  16.10322347  10.16645811  15.60750013
O  17.84858292  14.75867702  13.67327395
O  8.55975614  10.13552770  11.72317331
O  11.38555337  10.05773548  12.67726254
O  11.57836684  17.38291248  12.28526530
O  18.13365810  12.67139440  15.85450887
O  13.81517786  15.17726313  9.88775063
O  18.45065269  13.12349510  11.52925380
O  13.51318427  14.74937925  17.18132108
O  9.30388416  12.29652645  13.68190422
O  14.18653694  17.46683218  11.32981615
O  11.27654243  15.08287345  10.73273234
O  13.51546825  9.04204076  14.51707882
O  16.06346521  15.18717365  16.16668921
O  17.06853148  10.44368615  10.33856446
O  14.07608792  9.75170832  11.30301001
O  12.71550949  16.67769399  15.27013510
O  18.05698951  10.81730196  13.36708250
O  13.66288399  11.55251841  16.61737228
O  14.89000437  12.19489038  9.26046089
O  10.34704505  15.25979748  14.05590866
O  16.95145609  16.51957863  11.84423244
O  13.81134302  14.02452621  14.80967106
O  15.45149816  14.47329677  12.25636697
O  11.91151851  13.16065954  13.16808943
O  15.84956013  11.99521478  11.85440569
O  11.22167039  13.13055501  15.99230549
O  16.67137183  14.44167370  10.03433443
O  16.07903014  12.76034927  14.40295006
O  13.54451152  12.88721454  11.36268962
O  13.91871853  11.36336608  13.71679143
O  13.16328337  15.46882413  12.67156133
