51
# EA2    27.716 26.802 25.839 90.00 90.00 90.00 Sym.group:    0
Ti  14.28810383  13.20329201  12.97104857
Ti  14.56457214  10.15226131  13.68818559
Ti  15.35814012  16.97360125  11.97045716
Ti  9.62486648  13.90581945  11.46458022
Ti  14.64137351  11.03854154  10.45559111
Ti  17.36761432  11.18128766  13.91221016
Ti  12.81064057  16.44153292  13.65214011
Ti  14.01216213  14.69033345  15.79554107
Ti  11.61452365  11.49510934  11.02242238
Ti  11.45418589  13.35683923  14.93812384
Ti  12.41155615  14.64233151  10.58548402
Ti  17.01736570  15.15132353  13.41240540
Ti  9.70723879  15.36656838  13.84218633
Ti  11.47236767  9.94192118  14.19408837
Ti  15.46626070  14.73927344  10.20665770
Ti  17.06997090  12.39444202  11.29579954
Ti  16.80187286  13.83723378  15.89670096
O  10.68021321  13.99780305  13.01562093
O  15.28521900  15.08000407  12.20463648
O  12.58480962  13.03931891  11.63374848
O  16.02246782  12.05816048  13.04034890
O  17.79823969  15.10715425  15.13437143
O  12.91174898  11.05515863  9.74419036
O  16.28549381  9.76218865  14.28858178
O  10.98619919  16.69553310  13.77373869
O  16.94533150  13.79274287  9.89449612
O  9.97805301  14.45185148  15.37038533
O  18.26938603  11.33456686  12.30848362
O  8.49122169  15.00873822  12.46847903
O  13.28164833  9.23907211  14.45030840
O  13.51601585  16.38031773  15.42870406
O  10.58930434  14.80528615  10.23549408
O  15.53945898  14.09568304  14.48774918
O  16.43211209  11.04784175  10.11451564
O  15.43984724  14.37348317  16.99310357
O  10.33049120  8.81938353  14.52441480
O  15.62080580  16.60228981  10.19851840
O  12.79470380  15.88293087  11.74343525
O  17.50852308  12.19233003  15.46412940
O  9.87336922  12.18361947  10.88958381
O  17.80577848  14.01273163  12.39000583
O  11.00385436  11.67371619  14.95528097
O  13.79278904  14.55348372  9.39339941
O  12.61327407  13.66757870  16.34609373
O  14.46559787  9.94757635  11.85410391
O  13.08195368  14.42373645  13.94965095
O  14.96795257  12.81405021  11.12712221
O  13.69603206  11.86658158  13.97099400
O  14.01792709  17.69057483  13.03355323
O  16.91719964  16.94296685  12.85818359
O  11.55122003  10.33440599  12.30672657
