51
# EA3    29.059 26.996 25.354 90.00 90.00 90.00 Sym.group:    0
Ti  14.54251676  13.76706712  12.75490610
Ti  12.95872750  12.75466129  15.14454944
Ti  16.34901640  16.59962757  12.12237359
Ti  18.91678218  12.37258621  13.84036313
Ti  14.66017782  10.98866076  10.42403342
Ti  10.88796271  12.65186034  13.05565569
Ti  14.42857530  15.69215538  9.84702624
Ti  15.31752795  16.68914646  14.86098989
Ti  16.77921008  10.86914925  12.69187597
Ti  12.40096355  9.96429568  12.38417937
Ti  16.24896527  13.32470987  10.02019432
Ti  9.97553016  15.23902670  12.46774628
Ti  16.77412471  14.04377663  14.96169613
Ti  14.13437908  10.11992790  14.54776612
Ti  18.13523265  14.45687017  12.00052208
Ti  12.31904542  13.85852974  10.06223131
Ti  12.71474573  15.66048901  14.49832575
O  13.70276149  11.20128164  15.92765958
O  16.17050520  17.71707502  13.60178165
O  15.69957039  11.77081728  9.14385738
O  10.97947041  13.94402623  11.32742311
O  14.49544072  15.62998348  13.51192694
O  17.27940759  12.78138738  13.09827582
O  10.86808616  10.96884566  12.27733746
O  16.03258982  14.66519868  11.61666196
O  12.84466980  15.31272591  8.97685034
O  15.07633587  13.21829144  14.44944316
O  13.64214382  14.59727662  11.16064426
O  18.27695480  13.04818934  15.44278898
O  12.94489528  8.90966803  13.81691065
O  18.04180705  16.25040668  11.50256880
O  15.27963464  12.36281364  11.60299614
O  12.72247550  14.41448637  15.87373155
O  16.10381414  10.02714248  11.25237516
O  13.62752699  17.08876898  15.33650486
O  13.49010563  11.26833982  13.23105492
O  15.18420394  17.11214756  10.78388327
O  19.64125926  13.69987396  12.82171399
O  9.42337465  13.60233723  13.32762844
O  18.56417679  10.67178113  13.17854671
O  11.22725895  16.13192102  13.65728163
O  12.71355430  13.73648060  13.38928946
O  15.64261419  14.69276164  8.95529941
O  17.26731893  15.23200772  13.69087573
O  13.30944404  9.71007388  10.86022427
O  16.08140943  15.40807595  15.98090306
O  13.09423096  12.27812704  9.97988140
O  11.29601322  12.18121122  14.81408492
O  17.99176695  13.42027588  10.42487010
O  8.83541809  16.14120766  11.71105504
O  15.91803811  10.15167525  14.11725457
