51
# EA4    27.307 27.441 25.987 90.00 90.00 90.00 Sym.group:    0
Ti  14.05727164  13.61977905  12.90903799
Ti  15.19610649  16.68019760  13.63912388
Ti  13.26793799  12.66953128  10.11844880
Ti  8.75306744  14.00073980  13.45544597
Ti  13.40190571  11.18149853  15.35202168
Ti  17.32156745  13.95551735  14.47417228
Ti  15.84085004  11.67573494  10.86612806
Ti  12.49897529  15.59096213  10.75903459
Ti  10.89668750  12.30621497  14.42544618
Ti  14.87301109  14.01344490  16.11732030
Ti  12.54545166  10.44342309  12.40636656
Ti  17.19194153  14.15438089  11.04965004
Ti  10.68585081  16.05331232  13.67878043
Ti  13.23197478  16.30919786  15.69242871
Ti  10.65433864  13.32594287  11.29811417
Ti  16.44908424  11.27054395  14.09855252
Ti  15.18152460  16.72231924  10.82602973
O  14.40355062  15.59038587  12.12895263
O  12.55255146  13.85552304  11.81411706
O  12.96950073  12.64985622  14.17898307
O  15.62889377  13.08786641  14.10307431
O  16.60388714  15.71499458  10.22824495
O  11.56770029  11.32325775  15.79234970
O  16.69110542  14.16519257  16.22485555
O  11.48157429  12.19691823  10.09344907
O  16.36257594  10.69195450  12.35857600
O  11.42229098  16.38304108  15.31408029
O  17.94796075  12.22932582  14.61837554
O  8.83509741  15.84070093  13.63561560
O  13.96579348  15.03577968  14.51466042
O  13.36302066  14.36378171  9.52942173
O  12.42442741  9.23130767  11.30624818
O  15.63151524  17.80008446  12.19586981
O  13.12973770  9.90102806  14.08589673
O  13.53325196  16.98127816  10.06018538
O  13.97748084  15.38644578  17.04818370
O  14.65753223  11.62307603  9.45398073
O  8.82395619  13.31474702  11.79844675
O  17.97002474  14.22718136  12.64238279
O  9.07963083  12.75133233  14.73245959
O  17.37558053  12.51410654  10.24256392
O  14.26144544  17.60198926  14.98193721
O  13.90129455  11.79784654  11.86354482
O  10.77691937  14.89607852  10.39895521
O  14.16191174  12.50189538  16.63062052
O  11.72037325  16.54134711  12.33666874
O  15.34394612  10.57903557  15.25142503
O  16.62095396  15.85919604  14.18363479
O  10.89758863  11.51657825  12.80321790
O  15.50541191  13.46342132  11.53033626
O  10.69027453  14.15133496  13.42756165
