51
# EA5    27.330 26.494 26.018 90.00 90.00 90.00 Sym.group:    0
Ti  13.24020767  13.26612138  13.20352146
Ti  15.79496627  12.61801903  15.53682682
Ti  11.58430715  10.04608972  12.05378056
Ti  17.93201236  12.70854989  11.14207948
Ti  13.12372699  16.02197378  10.71072500
Ti  11.35703044  15.56939900  14.13944542
Ti  12.04356134  11.87644498  10.03776622
Ti  13.13766532  11.44334347  16.38173938
Ti  16.00978048  14.76882225  11.48819858
Ti  13.85573510  16.86234490  13.76002311
Ti  15.04707940  11.91144388  10.65083128
Ti  9.63171159  12.43430790  13.15317639
Ti  16.88467011  11.12225966  13.24509842
Ti  16.49103537  16.03175016  14.76239736
Ti  14.32611263  10.00883880  13.68972214
Ti  10.63770347  14.72142404  11.10575818
Ti  10.87604885  13.06842128  15.64893892
O  16.79699530  12.99346905  12.50470067
O  12.47920237  11.73674080  11.93308248
O  14.55639565  13.36695849  11.73766035
O  11.21625334  13.38280205  13.58991662
O  9.23479724  12.58087410  14.94330137
O  14.83201922  15.48276280  10.23045645
O  12.18439310  17.17722906  14.42632125
O  15.99302716  9.50507713  13.96077896
O  10.97022821  13.25533822  9.82366308
O  17.28691381  11.74800085  14.92922557
O  10.30176247  15.76529749  12.71167484
O  18.33619650  11.11855046  12.12970145
O  15.09747602  17.35784036  14.93065657
O  13.38188666  10.00234771  15.32410264
O  16.70311657  12.17453178  9.90377288
O  12.79136623  12.72155856  15.10552438
O  11.36216849  16.03919504  10.03612708
O  11.45774168  11.92527388  17.01366757
O  18.04477615  16.53768436  14.89636468
O  11.32726801  10.19143717  10.25480941
O  15.26224890  10.63884557  11.88619782
O  10.83278538  14.87593850  15.78475352
O  17.74802645  14.55631187  10.86324324
O  9.18401800  13.48636808  11.80356426
O  16.06072370  14.35710160  15.59123072
O  13.73794258  11.82353596  9.36873618
O  14.79766535  11.98909853  16.95978404
O  13.49883195  17.24826014  11.94692412
O  14.78594075  12.00401479  13.98141133
O  12.44421991  14.53917009  11.64735144
O  13.33015087  14.99057912  13.92560245
O  12.96045726  9.10106631  12.74380723
O  10.11974432  10.64636994  12.93459813
O  15.82625918  15.80421754  12.92936849
