51
# EA6    28.179 27.260 26.136 90.00 90.00 90.00 Sym.group:    0
Ti  13.96709494  13.32134532  13.10908540
Ti  14.31811661  16.77582506  10.90643058
Ti  13.87027303  10.31565190  11.06533682
Ti  11.83275809  16.28901062  13.94454542
Ti  15.94794258  12.69334979  15.88837647
Ti  18.52476906  12.44064681  13.66983103
Ti  11.80751000  14.15305707  15.73877461
Ti  16.55130422  15.08713125  12.96345619
Ti  15.75948365  14.13847281  9.86368677
Ti  10.44143636  12.44803435  13.30353646
Ti  12.74831119  13.00548023  9.68834105
Ti  11.97894902  10.12463898  13.55642738
Ti  15.06121626  15.42597678  16.02114682
Ti  14.85830167  17.46859106  13.54866502
Ti  13.42530369  11.36032112  16.11429515
Ti  11.37096608  14.92686795  11.12612891
Ti  16.37076350  11.68910760  11.20014576
O  10.90624348  16.22143234  12.39826746
O  18.09383269  14.26310691  13.13997803
O  12.90749249  9.25841569  12.22503875
O  10.34703782  13.22072755  14.88768533
O  17.45502228  12.09893895  15.22834058
O  20.12416207  12.13767584  13.84627445
O  14.65076578  18.29411473  11.88383464
O  10.22381250  10.57386147  13.36341379
O  15.27512053  17.09932304  15.40682261
O  12.22996459  12.53954718  16.69871990
O  11.31618675  14.04426122  9.43197406
O  16.96823579  12.79751140  9.78376321
O  13.01600854  17.60922695  14.05970017
O  16.69684704  16.82699264  13.21456987
O  15.57533606  10.13974119  10.46185900
O  10.25762690  13.61461163  11.92544299
O  15.03593999  11.44493709  16.95636755
O  17.65926127  11.35639564  12.30872589
O  12.70057653  16.26218649  10.40106691
O  12.65954839  9.90642028  15.22614517
O  12.73560261  11.18530999  9.91439041
O  16.18805301  14.23898154  16.86627712
O  15.80031454  15.95548085  10.04846755
O  11.00560147  15.79968824  15.50927532
O  12.90377290  13.75061327  11.40748182
O  12.62798828  14.47958095  13.99459566
O  15.61963292  13.70549747  11.73650660
O  14.30109669  12.28537214  14.72331668
O  14.31653860  13.57590200  8.93993970
O  13.41177793  14.97345580  16.45921056
O  12.27846008  11.96348252  13.23059117
O  15.44737673  14.34058068  14.38595455
O  14.55631089  11.64715400  12.14218796
O  14.42998592  15.86364090  12.55095336
