51
# EA7    28.370 27.711 26.483 90.00 90.00 90.00 Sym.group:    0
Ti  15.93614641  11.23772023  11.98485840
Ti  15.55985123  18.46633346  13.94173266
Ti  11.08981396  15.49595026  10.99602688
Ti  13.85182742  14.07018516  12.91897700
Ti  15.61188119  13.82344531  9.89337340
Ti  16.04866049  11.63725923  15.64858526
Ti  16.20716178  16.01326154  12.12646054
Ti  12.92354374  13.26107574  9.43302743
Ti  18.19281110  11.04285560  13.87560576
Ti  12.76552473  17.08770499  13.05258141
Ti  17.74278316  13.92603189  13.74234562
Ti  15.90692566  15.24236575  15.55481059
Ti  12.86311636  11.35092018  14.41720016
Ti  10.48258974  13.44987163  12.83680168
Ti  12.70523920  14.96680632  15.81542526
Ti  10.36976360  12.78519259  16.13567860
Ti  13.04385947  10.91222536  11.68422862
O  11.76779212  14.67924798  9.47987504
O  9.65235161  14.53298866  11.52753144
O  14.01906657  13.76547363  10.88967300
O  14.69792419  10.25137045  11.11006069
O  11.98272067  14.64854405  12.42473338
O  12.37995267  11.65468953  10.00062769
O  16.19516142  19.87541645  14.47726256
O  17.65634081  10.61397052  15.54789865
O  16.04857538  15.50140935  10.32027193
O  16.52317144  12.53437919  10.84261353
O  15.84437056  16.96245070  15.12097364
O  16.45284305  17.71713548  12.37274815
O  17.39942516  10.20187838  12.43122160
O  16.61222380  12.15041385  13.81284214
O  13.68223359  18.53056784  13.41369731
O  12.26633217  16.35045051  14.67137957
O  14.50728007  13.39857834  8.48092718
O  14.17643308  15.95667542  12.43969601
O  12.77681585  9.90464885  13.15689613
O  19.09672524  12.59282196  13.68434886
O  14.39436882  10.93309184  15.36233550
O  15.65205263  14.54038753  13.70076803
O  17.76179084  14.85562929  15.24681866
O  16.03558207  13.20149682  16.33019285
O  9.76061024  13.52596638  14.42705167
O  17.83192064  15.11187406  12.40823475
O  11.52423858  17.15617918  11.61267280
O  14.32108998  15.21216062  16.55240783
O  11.45152714  14.23312658  16.81988148
O  11.54299093  11.35801423  15.56347038
O  11.59938981  12.04053923  12.64869621
O  9.18045067  12.23421229  17.10642255
O  13.10045695  13.54982566  14.52638767
O  14.23061913  12.08889515  12.73632693
