51
# EA8    28.286 27.033 25.760 90.00 90.00 90.00 Sym.group:    0
Ti  14.56489420  13.79705411  13.32999421
Ti  12.50934904  11.88403230  10.27416597
Ti  11.59770312  15.37667713  14.62760517
Ti  14.42400347  16.62901086  15.52411437
Ti  17.08992428  16.29955891  12.03820489
Ti  12.83576523  14.48493745  9.29239270
Ti  15.59089893  10.06786996  14.39713459
Ti  9.89159865  12.29258299  15.26239747
Ti  17.64251239  10.15040190  12.62286913
Ti  15.93343793  14.21498527  10.23052931
Ti  16.88683345  15.20023233  15.15523779
Ti  11.61467450  15.27770909  11.75441206
Ti  12.74774034  11.10885919  14.18904904
Ti  15.75388074  11.40695278  10.76916125
Ti  17.53918498  12.42482874  14.82152297
Ti  14.50659751  17.25339354  12.24999981
Ti  10.31231914  12.11467840  12.09433493
O  10.76735011  11.40597959  10.37524640
O  8.81999748  11.96851062  16.45758851
O  17.70103536  16.10451535  13.77053382
O  11.42844190  15.47861882  9.86180729
O  10.34858132  13.89372434  11.97045731
O  16.53459247  13.57089549  13.87746167
O  14.62924401  15.02935633  9.26786962
O  18.55786373  11.42825484  13.56963519
O  14.37405104  17.66862140  14.03428573
O  14.12451520  12.33959349  14.28466844
O  13.04394748  16.74560446  11.47383918
O  13.83382376  9.60649666  14.42036969
O  16.31144712  12.60768039  9.46750604
O  12.81059102  14.59471872  13.37069428
O  14.93006171  15.01081165  14.81809696
O  12.08893969  11.59388642  12.51957338
O  15.37471184  15.55660921  12.25741856
O  9.34067940  11.64746596  13.50745166
O  14.08590531  10.83385183  10.38114533
O  12.68257025  16.24846641  15.90826636
O  16.41927195  11.19433774  15.59917767
O  15.28394325  13.10452107  11.64284750
O  16.92954475  8.92731796  13.82066188
O  12.84193150  13.68694844  10.95437233
O  15.95287016  10.96907121  12.80874995
O  16.13593477  16.50452360  16.28141903
O  10.52313196  14.12123461  15.23900781
O  17.46318148  15.18944613  10.63497982
O  11.58050545  11.33958639  15.46102926
O  16.21058056  17.81830347  11.60595985
O  12.58238254  12.78793686  8.66149010
O  17.96256432  13.86723194  15.90123401
O  10.88374548  16.23973474  13.18852282
O  17.28435972  10.27564609  10.84175163
