  ID   Compositions    Enthalpies    Volumes    fitness  SYMM
                       (eV/atom)    (A^3/atom)    ()         
   8  [    17 34  ]     -8.7838     33.7282   -447.9762     0
   3  [    17 34  ]     -8.7780     33.7192   -447.6796     0
   7  [    17 34  ]     -8.7712     40.0563   -447.3331     0
   2  [    17 34  ]     -8.7684     33.1746   -447.1881     0
   1  [    17 34  ]     -8.7681     33.1836   -447.1707     0
   4  [    17 34  ]     -8.7645     30.9290   -446.9873     0
   6  [    17 34  ]     -8.7621     35.2530   -446.8646     0
   5  [    17 34  ]     -8.7533     30.0928   -446.4183     0
