Ti  16.20488728  13.86018321  13.45268336
Ti  13.25143570  12.58140516  10.35239847
Ti  16.11252177  15.81159300  11.38630743
Ti  16.54619341  11.14411294  11.85672809
Ti  16.22595690  13.38526499  9.89713056
Ti  11.30529564  10.00655140  10.83605710
Ti  14.10801428  10.13221303  12.66169112
Ti  13.07868649  12.94436983  13.90608377
Ti  9.72020603  15.55509346  11.33096800
Ti  12.86266208  15.63401240  11.60151897
Ti  10.57732556  12.43077248  12.77132986
O  16.84782159  15.57275528  13.05760092
O  17.08442877  12.26484504  13.19052431
O  14.70634808  12.96073107  9.12566432
O  14.51591013  16.57797024  11.30068614
O  16.84389978  15.13997571  9.82538550
O  17.22804836  11.90151621  10.29029822
O  15.50539769  13.98948645  11.62733301
O  14.73969704  11.51131749  11.46403322
O  12.39074597  12.39287371  12.17845800
O  10.55993433  8.84914307  9.95256455
O  12.15265120  11.40573675  9.69468421
O  12.77389381  9.28863361  11.87017881
O  13.75212982  11.15727477  14.09018608
O  15.93041430  9.57434408  12.50964359
O  12.59900789  14.32045695  10.34944357
O  12.94996980  14.73445621  13.12220694
O  11.28319824  16.53336049  11.55750273
O  8.37724119  16.41943006  11.67394957
O  14.85453861  13.64675874  14.52070372
O  9.70995522  13.83841157  12.04565281
O  11.37897168  12.74665631  14.46307128
O  10.09813381  10.87827527  12.08456298

