Ti  10.16123545  13.75673326  11.04165592
Ti  12.60475536  15.18852905  11.40348624
Ti  14.46920300  10.13236937  10.70911269
Ti  11.74249725  11.65769842  10.15459798
Ti  15.45697417  14.31106572  10.74880876
Ti  16.69791169  11.57198466  9.97589473
Ti  11.49414641  11.73917662  13.00968636
Ti  13.71150626  14.14693138  13.92747445
Ti  15.71971522  12.18523907  13.48220670
Ti  13.58596504  9.88259645  13.41790760
Ti  18.36160039  13.36889101  11.93881531
O  9.91285646  12.89701418  12.58483441
O  10.25610947  12.67854434  9.56800469
O  12.99289682  15.68431550  13.08962259
O  14.60645915  13.62495461  12.33901690
O  10.96742524  10.72622540  11.38711575
O  10.84058862  15.49394072  10.98632274
O  13.16847993  10.70818040  9.51361777
O  12.06975488  13.28422987  11.22461739
O  15.87952824  9.94896196  9.54094134
O  13.31691595  11.24895405  12.25250409
O  14.03898918  15.48278791  10.33344317
O  15.73247210  13.07077252  9.44936598
O  11.83604771  10.28033839  14.03913441
O  14.11989540  8.83786597  11.97860600
O  15.74725656  11.38138432  11.55742084
O  15.10586427  13.42077039  14.79752317
O  17.43935960  12.48644024  13.41991843
O  19.85148012  13.95871198  12.27618452
O  15.05846950  10.58033656  14.21381600
O  17.05501986  14.72715341  11.35503717
O  12.33398846  13.04465739  14.08483929
O  18.31919010  12.02358592  10.53521177

