Ti  16.38095869  12.02686063  13.80962152
Ti  15.53330298  12.44210009  10.24613659
Ti  12.79369073  13.64823644  10.23506056
Ti  16.14684131  9.91367220  11.68997424
Ti  13.52940784  10.26824314  12.63261546
Ti  10.52492955  11.45224125  11.52488984
Ti  17.77697010  14.35668570  11.87691598
Ti  11.94130877  15.74331410  12.05437802
Ti  13.92117889  12.46880450  15.11494741
Ti  11.20145621  13.74184296  13.84714740
Ti  14.76520553  14.98463694  12.65376061
O  15.01268578  11.47430253  12.09016023
O  16.28398650  10.67211848  10.07292323
O  14.06718576  12.73392465  9.16397670
O  12.02919422  10.23669038  11.77651952
O  17.02105396  13.40351015  10.37195143
O  9.18301665  10.71144399  10.95087652
O  14.67990826  8.91209009  12.17422507
O  17.12722544  10.43724281  13.10898291
O  10.25677203  12.40395460  13.21210540
O  11.39151834  12.58136834  10.24878894
O  13.30651526  10.97004837  14.31455088
O  16.38669769  15.59568309  12.45640592
O  19.25580313  15.00846826  11.61740292
O  17.62052612  13.19074706  13.44283553
O  13.50203507  16.37011097  12.69799105
O  15.65961721  11.86406891  15.51881723
O  12.36284385  13.46084382  15.30373107
O  12.40366388  13.93734181  12.39272490
O  14.80650382  13.46579478  13.84444593
O  14.56048645  13.96509798  11.16920444
O  10.65349437  15.44551247  13.35103465
O  12.09778088  15.38176563  10.25541983

