Ti  12.82934306  14.15575361  13.31590750
Ti  15.15931744  12.10708820  13.37484431
Ti  12.45688151  10.05223197  12.30220883
Ti  14.96464128  10.30123237  10.30923754
Ti  13.46926093  13.40465005  9.77152056
Ti  15.07408537  15.41035264  11.55014328
Ti  18.36957162  11.76758741  13.89671131
Ti  10.14446085  12.15104554  13.66057807
Ti  17.58049042  11.07073436  10.87682098
Ti  11.07939063  12.49126736  10.72155396
Ti  17.53293110  14.10935973  11.77416588
O  9.72147113  12.68992070  11.81044954
O  11.27017557  13.72326614  14.01569467
O  19.45966008  11.45289963  15.07414479
O  8.83418714  12.03652773  14.63063503
O  18.54804878  10.66238862  12.29444065
O  11.69682592  10.82747726  10.77684793
O  17.83935724  12.85766964  10.46288819
O  14.41661378  14.97329043  9.90046745
O  13.70463633  15.73160418  12.71276415
O  14.09476689  13.35345766  14.26864287
O  13.73409429  10.93155271  13.17620096
O  13.81131333  9.18922120  11.11112073
O  14.29007717  11.82695964  9.45826044
O  16.66273964  9.89084789  9.73480266
O  11.77171023  13.36414864  9.17409478
O  16.85548460  15.84425728  11.50647745
O  12.70390175  13.25845711  11.55525773
O  16.49017136  11.62268732  14.39693840
O  11.07253056  10.44265167  13.38210586
O  15.68417058  13.72135171  12.15574736
O  18.39216950  13.60817649  13.21977029
O  15.87873144  11.20519209  11.68719609

