  ID   Compositions    Enthalpies    Volumes    fitness  SYMM
                       (eV/atom)    (A^3/atom)    ()         
  16  [    11 22  ]     -8.7199     33.7098   -287.7567     0
   7  [    11 22  ]     -8.7167     45.1865   -287.6496     0
  15  [    11 22  ]     -8.7153     35.9467   -287.6042     0
  11  [    11 22  ]     -8.7152     34.0933   -287.6008     0
   2  [    11 22  ]     -8.7142     39.7143   -287.5686     0
   6  [    11 22  ]     -8.7135     42.4857   -287.5471     0
  12  [    11 22  ]     -8.7096     37.1202   -287.4163     0
  25  [    11 22  ]     -8.7083     37.1635   -287.3734     0
  19  [    11 22  ]     -8.7080     37.6715   -287.3636     0
  20  [    11 22  ]     -8.7061     31.3564   -287.3028     0
  10  [    11 22  ]     -8.7034     38.5107   -287.2113     0
   9  [    11 22  ]     -8.7020     41.0418   -287.1672     0
  27  [    11 22  ]     -8.6987     40.9060   -287.0586     0
   4  [    11 22  ]     -8.6987     31.7763   -287.0557     0
   3  [    11 22  ]     -8.6982     34.6158   -287.0413     0
  24  [    11 22  ]     -8.6980     43.7369   -287.0332     0
  28  [    11 22  ]     -8.6975     38.2177   -287.0174     0
  13  [    11 22  ]     -8.6964     31.7589   -286.9807     0
   1  [    11 22  ]     -8.6962     35.6274   -286.9742     0
  18  [    11 22  ]     -8.6957     39.3767   -286.9568     0
  21  [    11 22  ]     -8.6945     35.3649   -286.9201     0
  17  [    11 22  ]     -8.6934     35.2853   -286.8823     0
  23  [    11 22  ]     -8.6931     31.6119   -286.8734     0
  26  [    11 22  ]     -8.6928     37.3938   -286.8617     0
  29  [    11 22  ]     -8.6885     34.1917   -286.7189     0
   5  [    11 22  ]     -8.6859     40.9588   -286.6362     0
   8  [    11 22  ]     -8.6832     37.5724   -286.5470     0
  22  [    11 22  ]     -8.6800     34.3023   -286.4415     0
  14  [    11 22  ]     -8.6761     37.4259   -286.3128     0
