33
# E(PBE) = -287.604 eV
Ti  11.81649544  11.03720665  11.41852208
Ti  9.72555098  12.03389346  13.12615298
Ti  11.44961258  14.26307840  12.66244852
Ti  15.85863332  11.63157385  13.61219529
Ti  12.82801858  13.76048682  10.06254224
Ti  14.80067189  9.48775457  11.99041940
Ti  15.65636358  13.75143746  10.28997546
Ti  16.83883896  10.85624452  10.59651378
Ti  18.87508685  12.33546349  13.11729068
Ti  14.49244027  14.29432384  13.37269477
Ti  17.16585526  14.96199088  12.42280232
O  12.99283526  9.63641550  11.68079748
O  9.77236729  13.96970307  13.18209471
O  9.40795610  11.33973189  14.56859484
O  10.08650184  10.75592228  11.68793588
O  12.22813005  12.04110781  9.92790818
O  14.65635552  12.78607150  14.37889315
O  12.81010625  14.96070889  13.68899376
O  11.74211276  12.36856907  12.76957304
O  15.30497953  11.26024832  11.68674615
O  15.31995494  9.79948000  13.68770690
O  16.11405847  9.12570463  10.73374583
O  11.53827279  14.77481989  10.88751273
O  13.97161606  13.73937164  11.51253526
O  16.74735814  15.16912075  10.60430774
O  16.50795522  12.32478021  9.52165082
O  18.20651501  11.21417197  11.61847005
O  15.80088351  15.56847418  13.55389837
O  20.35465679  11.88103463  13.64356538
O  17.45986752  11.80009310  14.31382205
O  18.72832788  14.27511908  12.89527196
O  14.30209270  14.18560579  9.07268447
O  16.23403617  13.37274674  12.33612178

