33
# E(PBE) = -287.303 eV
Ti  14.48783999  13.39084051  10.53533426
Ti  10.63288728  14.69336237  11.18380413
Ti  11.83968619  12.87862257  9.44292710
Ti  10.62560485  10.04103438  13.39701824
Ti  11.88585113  9.90634463  10.90335014
Ti  13.03153424  11.45954322  14.19418089
Ti  14.71001842  10.11272009  11.73752602
Ti  15.20679333  13.53066484  14.54883361
Ti  16.53116615  12.42459655  12.31361828
Ti  13.01745831  14.61807997  12.86286118
Ti  10.05240304  13.06614642  13.80640329
O  14.19350632  10.20090095  13.44266953
O  16.94906952  13.18563087  13.94973113
O  14.12039897  14.93763948  11.40413622
O  14.71143373  12.84382151  12.85368170
O  11.64239154  15.71308535  12.39035183
O  12.04259063  13.40487999  11.22266310
O  10.56006299  14.18846182  9.37086942
O  11.89812576  11.00236700  12.42150792
O  10.59302692  8.99271153  11.83158491
O  14.08867022  11.52249766  10.80759317
O  12.07125715  13.17233553  13.87400658
O  13.52167005  13.40696359  8.94359300
O  9.43030858  13.94287006  12.19258698
O  11.41751115  11.08067557  9.53366366
O  9.38640814  11.25701249  13.58289652
O  13.45558779  8.95746399  10.94326734
O  14.25253775  12.26232392  15.40080242
O  16.52686875  10.65108223  11.97245176
O  14.19607962  15.01867657  14.26702608
O  16.33472069  13.29727702  10.72276297
O  9.41234697  13.76412709  15.13683704
O  11.76812281  10.35349973  14.87215797

