33
# E(PBE) = -287.569 eV
Ti  15.35734320  14.32875416  13.21993880
Ti  13.59007902  13.00289491  10.33908889
Ti  10.49522210  12.66311645  11.29837658
Ti  16.46171482  13.85364590  9.47316882
Ti  17.72172235  15.03058022  11.62989046
Ti  17.56458522  10.81790891  10.15021347
Ti  12.65963360  10.50243762  12.19823355
Ti  16.92614097  11.31697638  13.50479237
Ti  19.73665597  12.10275912  12.23104157
Ti  12.67001954  13.46217120  13.52706420
Ti  15.33320126  9.75766391  11.66570882
O  17.17770130  12.24206555  9.03034287
O  14.66896065  13.81718514  9.09417152
O  11.03679219  10.80764422  11.56554440
O  13.78572684  13.82623198  12.01547289
O  11.89046130  13.14093380  9.99685068
O  11.05615476  13.72708954  12.84797346
O  13.97809651  11.24969672  10.99999999
O  17.57638046  15.28757015  9.77867146
O  8.94492908  12.86607388  10.82022615
O  16.29161825  13.82508870  11.31916676
O  18.67594207  11.34453942  13.66208272
O  13.67650597  8.97968532  12.04759888
O  19.02358001  13.91724718  12.01815397
O  16.45843666  9.28543871  10.29480394
O  13.91565832  14.59213155  14.35161558
O  19.21306980  10.95008225  10.73240884
O  15.98674955  9.72716810  13.38927051
O  16.63959319  15.64004898  13.03466168
O  12.94244366  11.64999457  13.62539418
O  16.09042513  12.87897308  14.00410927
O  16.62213010  11.39307920  11.65242098
O  21.34270831  12.10338047  12.53336924

