33
# E(PBE) = -287.211 eV
Ti  15.47356212  9.85826617  12.76141001
Ti  16.17340059  12.00305478  11.00189269
Ti  17.78401977  14.22408493  12.03015415
Ti  14.97067810  15.51216014  11.70209408
Ti  13.53674942  14.50773038  14.62684916
Ti  11.80091584  12.10372573  12.82110387
Ti  12.45555442  9.55467305  11.75473786
Ti  13.51578185  12.75197307  10.24075331
Ti  12.16195211  15.39281092  10.44457112
Ti  10.91220034  14.85520836  12.90872967
Ti  15.26157855  12.32871986  14.09880125
O  16.60657095  13.03587758  13.07680923
O  16.72545286  10.29571590  11.50818052
O  17.58439159  12.98782184  10.57418022
O  16.69381856  15.81792936  11.64710840
O  19.30764463  14.46319786  12.58015731
O  14.12699363  8.78635112  12.26287969
O  14.45619860  15.50661624  13.47078381
O  14.86437673  13.76557357  11.09978866
O  13.21142838  12.80689392  13.91462118
O  11.77026660  15.24856598  14.46347778
O  12.36259349  14.18475953  11.87741887
O  10.28277914  13.15833553  13.05529309
O  11.45803270  8.52954435  10.96913059
O  10.65968885  15.93266730  11.40821099
O  12.29918417  11.51672032  11.06895375
O  14.66117421  11.47568512  12.35987306
O  12.55738084  14.01354638  9.27174660
O  13.63508593  16.39174859  10.68707894
O  11.61851203  10.42661922  13.28306651
O  15.70974986  10.61601842  14.48401813
O  14.89769969  13.63003307  15.46917414
O  14.84698349  11.76743916  9.58970726

