33
# E(PBE) = -287.650 eV
Ti  19.67484725  12.39809333  11.86925433
Ti  17.55259769  14.98776718  11.81203293
Ti  16.33644172  14.67341341  14.29636661
Ti  17.15803965  11.86992180  13.96481048
Ti  16.95965851  10.80903744  10.67002801
Ti  15.23756942  13.74033798  10.04335828
Ti  15.88726764  9.47288969  12.90878450
Ti  12.97382022  10.73002874  12.67838150
Ti  10.49188239  12.73620741  12.58824189
Ti  12.65671654  12.81865345  10.23543421
Ti  13.44316917  13.81937177  13.32617272
O  18.85196352  11.95931780  13.56257197
O  14.54341912  14.95080947  14.29475130
O  19.09494980  14.21170554  11.49648313
O  17.37212596  15.92503265  13.40769730
O  18.65456204  11.20169738  10.72531592
O  21.29388837  12.17652273  11.80339343
O  16.82807794  13.19874326  15.24786198
O  16.39191496  15.12877349  10.34987700
O  16.07869931  12.17511768  9.74895445
O  16.77989091  10.07322032  14.39536599
O  13.78947896  12.07312646  13.65371503
O  11.70448709  13.98852917  13.47955445
O  16.59436781  9.06640510  11.24767530
O  11.24946566  10.97648872  13.00269318
O  14.09084685  9.26772800  13.03898887
O  8.90168001  12.91256567  12.92417896
O  13.14170944  11.19329220  10.88026401
O  11.01186751  13.17342735  10.73752870
O  16.16083768  11.25227901  12.32120056
O  13.78804008  13.60276901  8.94012098
O  16.57572366  13.65106744  12.73937197
O  13.86708639  13.77215222  11.43889461

