33
# E(PBE) = -287.601 eV
Ti  15.52671639  10.61993229  13.90087357
Ti  13.11319188  9.95870429  12.69573555
Ti  13.14267412  15.62654382  14.37828254
Ti  14.52188284  13.13260887  14.51075519
Ti  9.85199465  10.93910014  13.38941371
Ti  10.95372804  14.00478202  13.42918536
Ti  16.03901244  12.75691056  11.35352341
Ti  14.09344393  11.45897656  9.90667129
Ti  12.03178749  13.63802163  10.00041696
Ti  14.33132438  14.88793022  11.84267234
Ti  9.51962583  13.19629475  11.13287659
O  16.49319969  11.29664250  12.55756702
O  15.58466961  11.82609344  15.29696025
O  13.42878409  10.06926970  10.87402512
O  13.84838092  11.49264018  13.52569191
O  15.55783221  13.75029314  13.20878727
O  14.54099314  9.09200593  13.52091633
O  14.10031534  14.62188062  15.56285073
O  14.14810406  12.72245755  11.25482804
O  11.34109407  15.54658634  14.47558502
O  13.01258406  14.07888274  13.30735827
O  11.41447555  9.81814209  13.13021402
O  10.55614565  12.54856276  14.30391280
O  15.93780823  14.56231993  10.93506303
O  14.13425752  16.33628106  12.97761926
O  11.35387749  12.97595332  11.63100462
O  12.85835332  12.36677407  8.92695567
O  10.29531729  13.80315675  9.50942744
O  9.42220738  14.43214711  12.44646012
O  13.00096749  15.09042127  10.55475757
O  8.74131545  10.17774704  14.31662281
O  15.91276000  11.73169777  9.81339820
O  9.03364858  11.59895308  11.73121722

