33
# E(PBE) = -287.757 eV
Ti  17.05654276  11.72804684  10.23550850
Ti  14.33234336  11.21744766  9.67692839
Ti  15.16271192  10.35795294  13.00876433
Ti  17.77527060  13.69919884  13.30367431
Ti  9.99314812  11.73978616  12.48729353
Ti  13.93033601  14.36397769  10.75213999
Ti  18.46319795  10.40736102  12.86437583
Ti  12.24849209  10.14720886  11.74822181
Ti  14.71478543  13.40412281  14.08974956
Ti  17.20319348  14.57057992  10.72911737
Ti  12.07376815  13.73672055  12.90356939
O  13.54460341  9.48733161  12.86511850
O  18.61447319  12.18668910  13.66149523
O  16.34700467  14.20700410  14.36029533
O  16.80133434  13.08444077  11.79941780
O  15.95080761  11.02841764  8.86289539
O  18.29724874  10.72515595  10.93327845
O  16.72855740  9.60151427  13.25722180
O  14.94002339  11.63030903  14.31017740
O  15.31772236  11.12948854  11.27195776
O  9.02911308  12.09162266  11.21913270
O  15.50863212  15.29986377  10.53858779
O  10.40896975  13.39208939  13.40805472
O  12.00122837  11.98319937  12.06330354
O  19.72118660  9.43949204  13.26599004
O  12.92026325  10.09650186  9.98297835
O  13.85803338  12.98638435  9.56121635
O  10.57420749  9.88203256  12.27110607
O  13.04459176  13.98407955  14.50097050
O  14.24287664  13.45306523  12.30926948
O  18.32303935  15.03336403  12.11375686
O  17.67077419  13.35885657  9.48230218
O  12.33377896  14.92829834  11.45173067

