33
# E(PBE) = -287.167 eV
Ti  17.06348325  12.06731286  13.78154063
Ti  18.65968991  10.51389555  11.50738638
Ti  15.24608019  10.35316713  11.47431165
Ti  18.03754708  13.54874996  10.45903390
Ti  9.80977519  11.72408009  11.35767716
Ti  14.06296444  15.05480335  13.33459534
Ti  14.38785130  11.89933411  14.62848644
Ti  12.42137268  10.54135218  12.73983220
Ti  15.11654916  13.28330267  10.26104626
Ti  16.80498812  14.81609014  12.70348395
Ti  12.20736748  13.81210438  11.19982051
O  13.63799761  9.49221995  11.85767781
O  19.06185975  12.10035051  10.41114344
O  16.58137477  13.76633502  9.30200040
O  16.92413519  12.90197444  11.77867674
O  19.82364904  9.38139682  11.34778384
O  18.44717666  11.08619932  13.37705417
O  16.87293149  9.70512094  11.29499522
O  14.94813793  11.49431146  10.10251065
O  15.26774329  11.49453570  13.00680636
O  8.18569892  11.61201120  11.31686722
O  15.58722931  16.05380606  13.50532786
O  10.49520652  13.38739867  10.78544073
O  12.64600055  12.25696791  12.09242593
O  16.02093895  11.65670920  15.34781327
O  12.96226396  10.74192011  14.50511092
O  13.97052326  13.68732870  14.54844269
O  10.66815327  10.33998696  12.30665996
O  13.42864729  13.87257374  9.81730174
O  14.98910685  14.25654298  11.95932683
O  18.13046568  15.13473154  11.48454445
O  17.39982829  13.85981712  14.10969333
O  12.47651512  15.20554074  12.39271730

