33
# E(PBE) = -286.882 eV
Ti  17.19426400  10.39524761  11.79271792
Ti  15.10097395  12.92013364  13.16722154
Ti  14.56075374  10.23322352  10.76588645
Ti  18.15568952  13.55386734  12.03250561
Ti  15.62103501  15.11599784  10.33768910
Ti  10.84708422  12.51221863  10.66240111
Ti  11.50637556  9.94792408  11.80565653
Ti  13.56446441  13.21017834  9.76269736
Ti  10.87733700  14.60330641  12.60382750
Ti  12.12602337  11.82293744  13.82342070
Ti  13.51939452  15.41038179  12.32856449
O  15.31856343  11.20508894  12.15219950
O  17.27973654  14.76928912  10.71697852
O  18.24709454  11.83768074  11.35141728
O  16.05126555  9.40429962  10.46801617
O  17.69441895  9.53668486  13.10092882
O  14.26376477  11.59062255  9.52622665
O  19.59702651  14.13055639  12.56169468
O  16.75523316  13.26724837  13.46525650
O  14.56654563  14.44158682  8.91187801
O  14.70810953  16.38912404  11.30686142
O  12.24953682  11.71925217  11.88655811
O  9.72233304  13.77395113  11.38672792
O  11.78418944  12.89483403  9.19132842
O  11.38772617  10.13169518  13.63672834
O  12.25729683  14.15517086  11.42260315
O  10.26038832  10.74961980  10.70700402
O  12.97982098  9.20649574  11.13468383
O  14.71078055  13.75423418  11.34276018
O  11.85369211  16.11554820  12.89205264
O  13.80426550  11.95397775  14.28951641
O  14.23907895  14.57853969  13.69960998
O  11.10929374  13.36880208  13.92469471

