33
# E(PBE) = -286.974 eV
Ti  16.80749388  13.86574832  13.43629798
Ti  10.67561929  11.47737799  11.25630019
Ti  14.19985450  12.46378231  13.71227387
Ti  15.25589166  9.94596892  11.64915131
Ti  17.58171835  11.46695662  11.86824776
Ti  13.49569950  11.95686248  10.07370272
Ti  12.73858080  10.06559916  13.11628870
Ti  12.43645327  14.65252380  11.98017488
Ti  9.50383216  13.93938253  11.86096834
Ti  16.15733507  13.65514027  9.97654855
Ti  15.56904167  15.81350511  11.73414932
O  15.66115611  13.25240879  14.64394525
O  15.62825610  13.88577966  11.85354618
O  11.10541224  12.89306166  12.29661582
O  9.12881674  12.25413780  10.88535872
O  15.88570771  11.52796347  12.61151047
O  14.66634254  10.38371722  10.04748727
O  17.13869843  9.71228679  11.54150620
O  18.21920828  12.73088383  13.11088861
O  11.83328650  11.39864719  9.74643780
O  13.50778237  11.41680218  12.04561835
O  14.05558560  8.89049448  12.61462682
O  17.52303412  12.46053673  10.34140004
O  13.29832737  11.09622458  14.54507827
O  11.07393539  10.01161595  12.41958102
O  10.82945961  15.35514227  11.64670105
O  14.92298490  12.85553458  9.03878719
O  8.51845048  14.14869742  13.15301888
O  16.19319301  15.51199532  10.01675192
O  13.07606398  13.68726649  10.59920115
O  16.75226986  15.69691760  13.17538052
O  13.83276411  16.04064535  11.94292135
O  13.16044872  13.86260416  13.57758070

