33
# E(PBE) = -286.862 eV
Ti  9.69238413  14.83822110  12.32574249
Ti  10.90865235  13.18027732  10.26584728
Ti  13.71101525  12.81039347  9.71018072
Ti  13.70100709  10.07066055  11.43088571
Ti  11.09904498  10.52138202  12.15205772
Ti  13.65228665  12.99563654  13.42206018
Ti  16.19705175  13.52028240  10.86509694
Ti  15.44538379  16.51475728  12.44905605
Ti  12.66103029  15.63910801  11.91133124
Ti  10.54075360  12.79334608  14.08122761
Ti  16.36877481  11.15284248  13.10107556
O  12.22687701  12.96916202  14.68882450
O  11.00574995  13.46065582  12.37100464
O  13.82847244  16.88943325  11.46017298
O  16.41641258  15.21771538  11.50524323
O  9.45839397  14.32585669  10.55754464
O  10.47555534  11.40637986  10.72717573
O  12.11203408  9.08777769  11.66527981
O  15.19407080  9.81560436  12.32857288
O  11.95953514  12.85014453  8.84636221
O  9.21434284  14.09845341  13.96693291
O  10.18093530  11.06022095  13.69056279
O  12.55521847  14.31896965  10.60388616
O  10.89695417  16.15445768  12.44109260
O  15.36207051  13.32639780  9.16564381
O  16.31075919  17.80815926  13.06188195
O  17.46248933  10.45149034  14.07369592
O  17.14315258  12.25843512  11.70466531
O  12.75490627  11.36196761  12.48522738
O  15.06921972  12.28242192  14.12634584
O  13.76303653  14.93196865  13.21992766
O  13.82564692  10.97160594  9.85249142
O  14.51803175  12.99249416  11.51678064

