33
# E(PBE) = -286.981 eV
Ti  16.07001909  10.09290422  12.04278136
Ti  13.14159563  13.08416656  14.32646932
Ti  13.14750930  10.11423175  12.21196763
Ti  10.22402704  10.08410158  12.04198297
Ti  16.18950152  13.00308169  13.68736960
Ti  14.55335967  12.67517082  10.16859530
Ti  13.13515630  15.36835068  11.92490985
Ti  16.10429210  14.72535565  11.47582714
Ti  10.16814943  14.71657817  11.48018199
Ti  10.09437310  12.99224187  13.69044219
Ti  11.72625711  12.67343545  10.16922433
O  13.14041290  12.35312000  9.00137217
O  14.56747363  9.14516184  12.69738922
O  17.16954132  9.19619200  11.21976144
O  13.13838911  14.80201406  13.59930467
O  13.14259439  11.61040366  13.29865006
O  11.73048867  9.13686221  12.69073597
O  9.12521446  9.19060861  11.21468077
O  11.18674635  13.32649063  12.18182233
O  15.09350122  13.33053984  12.17962070
O  14.72088739  11.00377611  10.87896954
O  17.17232732  14.43632730  12.93347096
O  16.78602006  11.40351650  13.30015007
O  14.87367036  13.07913648  14.99837564
O  14.82909443  16.04607840  11.56485980
O  11.56645658  11.00289584  10.87921148
O  11.41054594  13.07252193  15.00069824
O  9.10282136  14.42058316  12.93886614
O  10.27157296  13.78842795  9.86452938
O  9.50552919  11.38998559  13.30215814
O  11.43869501  16.04185313  11.56829530
O  13.13878335  13.88095626  10.80152564
O  16.00420651  13.79446405  9.86126324

