33
# E(PBE) = -287.033 eV
Ti  13.14109055  11.11892822  10.27067955
Ti  13.08275046  11.97398511  13.80577249
Ti  15.56056526  13.33485388  14.24002162
Ti  13.86439235  9.54374482  12.47373195
Ti  16.89224919  10.64032006  12.60586530
Ti  19.98126904  11.56484131  12.30681903
Ti  10.97054773  13.35889437  11.73320993
Ti  16.52942967  15.76021016  12.89966685
Ti  15.72016578  12.77620355  9.99824363
Ti  18.05052160  14.27109172  11.10067617
Ti  13.78386359  14.92691623  11.75324625
O  13.91189611  11.38534744  12.01780299
O  12.97001627  10.08346643  13.94155540
O  14.25246627  12.51674342  15.20638122
O  16.64158713  11.87941743  13.92122905
O  11.49284636  12.62320482  13.47216416
O  21.34874015  10.98506066  11.62988634
O  18.68069780  10.27821969  12.59651180
O  13.06019755  9.34790341  10.82062694
O  19.41444132  13.22087666  11.65362055
O  15.64980557  9.25250063  12.69364806
O  16.59034984  11.55570593  11.08796314
O  12.03092899  14.98937089  11.62722772
O  9.36200637  13.61574801  11.58720342
O  11.69445660  12.11235710  10.41214224
O  14.95867885  16.33685290  12.24685509
O  14.55530659  11.61231495  9.16537086
O  17.22441133  13.77957761  9.52735390
O  16.55180045  14.01846414  12.20177941
O  14.43865676  14.04376992  10.32080660
O  14.08667356  13.65504788  13.07332300
O  18.03406982  15.97427173  11.81821322
O  16.31161047  15.00910940  14.58322514

