57
# EA1    29.377 26.384 25.314 90.00 90.00 90.00 Sym.group:    0
Ti  13.85987809  15.86482593  13.02701736
Ti  19.83796530  13.59341678  12.51444942
Ti  18.86503562  11.03349725  12.44853047
Ti  16.81562311  12.92621508  10.96378459
Ti  17.06961478  13.10391215  14.18404176
Ti  17.15536561  15.78110911  12.51941106
Ti  19.39085066  15.97249953  14.37549530
Ti  15.54481285  15.35645665  9.78764775
Ti  14.73463056  10.15970786  10.38056390
Ti  14.02612130  9.83510399  14.41270761
Ti  14.01437059  12.53404147  15.13217093
Ti  12.75960006  15.62892548  10.22746182
Ti  10.08167127  11.97084598  12.64109785
Ti  10.73195574  13.46210300  15.22046789
Ti  13.63023978  12.94544910  12.05283957
Ti  11.84139933  9.88913868  12.04208091
Ti  10.41318827  14.77389521  11.48475694
Ti  10.81785346  15.97300083  14.14705728
Ti  16.74940784  9.35362013  13.11731417
O  13.76969137  13.97656701  13.58213896
O  16.98912239  11.13059082  13.43880828
O  15.74375243  12.98626534  15.47260028
O  18.60340599  9.25272725  12.74121669
O  12.55754655  16.44749290  14.25411229
O  17.87976770  11.50229034  10.91290246
O  18.35998997  14.23098911  11.57383866
O  18.91961769  12.50839610  13.78303481
O  20.40899121  11.94232475  11.89254817
O  19.81584458  16.73708503  15.76407140
O  16.23114264  13.63589522  12.65446391
O  16.64024372  16.34459482  10.79151944
O  17.80294741  14.79146704  14.38957016
O  20.67602616  14.84486850  13.46948945
O  13.01755759  16.76790169  11.58971085
O  15.51390848  16.36583404  13.33782875
O  14.01921776  15.93318719  8.90645011
O  18.40690469  16.91106194  12.99694374
O  16.47458804  13.82665243  9.41562590
O  14.89338269  12.06590798  10.94976036
O  15.56373150  8.87356102  14.47290548
O  12.86855855  9.68621839  10.62049470
O  15.76184853  9.19726782  11.65957886
O  15.28485770  9.95217035  8.85397316
O  14.16906873  11.48730416  13.51584029
O  13.82054258  10.83440265  15.89368163
O  12.54829286  9.14225692  13.54426847
O  9.38699849  13.24250794  11.50662867
O  10.88650700  15.66063920  9.97355742
O  10.12094803  15.14461852  15.65291545
O  9.99932815  10.25347703  12.06939525
O  11.07669229  14.18629441  13.52816845
O  11.96536935  11.76874360  12.34251336
O  12.18384449  13.98527377  11.18845076
O  9.93296600  16.22444152  12.58581099
O  9.78255687  12.07150141  14.45956474
O  12.38648554  13.16673274  15.84085027
O  14.43651496  14.71020394  11.15903531
