57
# EA2    28.886 27.186 25.463 90.00 90.00 90.00 Sym.group:    0
Ti  18.93764448  13.50592746  13.83956932
Ti  16.72768742  15.58319992  13.55168631
Ti  19.18216499  15.53826227  11.87480473
Ti  15.48965968  10.47561236  13.11051694
Ti  13.73272274  13.85015047  12.66743785
Ti  14.19088456  16.23391244  10.66623593
Ti  16.76246623  15.05917192  10.20123332
Ti  12.16406514  13.70060294  15.76540120
Ti  14.16728465  17.37991786  13.28058333
Ti  17.64559981  12.18430360  11.44555197
Ti  14.91621358  12.26344064  10.52109767
Ti  11.24407295  17.01133664  14.56498051
Ti  17.73633093  11.19888302  14.93493029
Ti  11.17249329  15.66173888  11.36155003
Ti  15.18681821  12.82732261  15.40772452
Ti  11.08109779  11.72908214  14.00803155
Ti  10.22445273  13.04820493  11.28707118
Ti  11.98812013  10.75654749  10.26229324
Ti  12.34832933  9.41795986  12.62883617
O  20.24863840  14.56733156  13.05572088
O  17.86120537  14.62773778  14.74818573
O  18.47691179  15.70137536  10.12739105
O  18.23915061  16.60958908  12.89853870
O  13.42150430  15.76102039  12.63965788
O  12.86420551  18.03128283  14.25716009
O  10.11685215  17.88325769  15.36871543
O  15.93964676  15.62759387  11.76017097
O  15.47276134  15.96254662  9.30534834
O  15.70254996  16.88728913  14.22851438
O  11.69024706  15.37430642  15.54692993
O  11.78158479  13.89101030  11.76689317
O  14.37893283  17.86311322  11.51165354
O  9.65779486  14.67683482  10.77946923
O  12.42377972  16.27585969  10.14806689
O  14.15570134  13.99632699  10.78532568
O  10.67761727  16.59512639  12.76422215
O  19.18620904  11.67008957  11.18045822
O  11.32495392  9.87595425  14.07813078
O  10.84483869  12.38259476  15.69089690
O  16.86743818  9.75114555  14.10112373
O  14.13851413  9.24886595  12.83246260
O  13.82619803  13.35841885  16.51347433
O  16.76006869  12.14129612  16.14021439
O  19.38315421  12.01028911  14.87580554
O  16.59515816  13.14090754  9.99045183
O  15.17933672  14.11115860  13.96293684
O  17.96239325  14.11371404  12.12805826
O  17.31898510  12.17930147  13.42852250
O  16.21900386  10.86180980  11.27673327
O  14.50360507  12.14499335  12.31678892
O  14.70095465  11.30906591  14.63599640
O  9.73974461  12.32950144  12.93003625
O  12.54567890  13.07109513  14.02552453
O  11.83840368  9.02705933  10.88498729
O  12.14453816  11.18939527  12.06941731
O  10.54742779  11.80514721  9.93035950
O  13.61902720  11.30827753  9.62745342
