57
# EA3    28.957 26.012 25.569 90.00 90.00 90.00 Sym.group:    0
Ti  19.32109374  13.95464044  14.29767942
Ti  16.34955332  14.30912890  13.95568779
Ti  18.94910824  14.91574948  11.38628866
Ti  10.92162289  15.15261270  15.52703387
Ti  13.33414260  13.01878884  12.62344180
Ti  13.33370824  15.93855845  11.01627288
Ti  16.50806560  15.64459939  10.41812632
Ti  10.39601891  15.10449091  11.96799405
Ti  13.64682354  15.92032419  14.30532469
Ti  18.52427566  11.72379267  11.84579757
Ti  15.31435874  12.68097393  10.59772626
Ti  15.87332154  10.25607832  12.48787248
Ti  18.62910110  11.18644144  14.52361124
Ti  12.18280027  11.76070338  15.77114558
Ti  15.51758108  11.37510484  15.67339351
Ti  11.11798236  10.48667270  13.47761544
Ti  10.24668610  12.41159600  11.17091703
Ti  12.40377344  11.31808703  9.51335069
Ti  13.27753107  9.62136503  11.52185798
O  20.01977552  14.94626129  12.88583568
O  17.96447310  14.84044540  14.93428247
O  18.27431623  16.03711706  10.04363589
O  17.22635147  15.13146512  12.11967214
O  13.24275335  14.16528379  14.00373282
O  12.49747927  16.29346309  15.59231273
O  9.79602361  15.69956227  16.57916634
O  15.34653030  13.38646527  12.52405327
O  14.93385979  16.56676880  10.23016516
O  15.47941536  15.78087507  14.48674007
O  11.43880031  13.31599937  16.06399270
O  11.44650295  13.57726163  12.10716867
O  13.42697971  16.68020615  12.64757937
O  9.18977353  13.91447827  11.20487328
O  11.50855845  16.04843218  10.78717045
O  13.64363824  14.11505506  11.00849977
O  10.29895403  15.48215586  13.69273138
O  19.88610862  11.13486010  12.74047325
O  12.04855422  9.06877090  12.75093116
O  10.92857265  10.43800467  15.28714112
O  17.65677281  10.22317343  13.09606784
O  14.95563568  8.84343090  11.81823368
O  13.85369451  11.36688512  16.51084472
O  17.40805854  10.90314721  15.80464159
O  19.81608986  12.43823206  15.22388226
O  16.22075125  14.00515531  9.72624209
O  15.73551374  13.07271125  15.18266428
O  19.02940684  13.21270662  10.82866970
O  18.01743601  12.77576084  13.44212502
O  16.69738844  11.40720337  11.00985495
O  14.32946298  11.28929200  11.93541855
O  15.19786351  10.41742936  14.21243082
O  9.73949895  11.18696168  12.47472977
O  12.48224773  11.73177829  13.89207095
O  12.78980323  9.53081804  9.75017511
O  12.12398799  11.37931875  11.33635149
O  10.71895074  12.04969419  9.37716771
O  14.06548822  12.09927263  9.33697250
