57
# EA4    29.277 28.929 26.759 90.00 90.00 90.00 Sym.group:    0
Ti  11.47656345  18.67672589  14.27140443
Ti  13.08242450  17.26478458  12.27767474
Ti  14.35595869  16.30836046  14.87949359
Ti  16.17001077  16.89414528  12.46648341
Ti  19.19869108  14.13254695  12.50643400
Ti  19.60169340  17.17226940  13.12495902
Ti  17.64213303  15.95296679  15.10573755
Ti  12.42749083  14.86170426  10.16805355
Ti  10.17624051  15.80725104  14.30771585
Ti  17.36110003  11.88944441  13.59002347
Ti  16.37003343  13.43124833  16.20939596
Ti  16.63115786  13.94126791  10.90907943
Ti  14.42054446  13.62145700  13.46463267
Ti  13.99171954  12.63862064  9.80552805
Ti  14.60683605  10.33800710  14.07389921
Ti  14.12864957  11.58030832  16.64053051
Ti  12.29641627  14.11166016  15.92133965
Ti  11.04097546  13.76540807  12.61432467
Ti  12.68346245  10.84646450  12.00513841
O  13.15910181  17.60649480  14.53149801
O  11.94640589  18.60616788  12.41647159
O  11.45325870  20.15884914  14.96587035
O  12.82434492  16.55344758  10.57333929
O  16.11160252  16.99238842  14.57243867
O  17.91628586  14.89323695  13.60337601
O  14.80302338  18.00698890  12.10307488
O  17.39151916  14.88733542  16.61989963
O  17.82286193  17.51461606  12.35677316
O  20.38857996  15.42315973  12.60519999
O  18.42916597  14.05773636  10.84328004
O  20.63407029  18.41442598  12.89189162
O  19.05979947  16.96201289  15.01400907
O  10.86768300  14.29405797  10.85427782
O  9.52446879  14.22251637  13.40442582
O  10.72709331  14.96932041  15.88093416
O  11.55171833  15.75917092  13.12742081
O  14.26423284  15.60914474  13.13023046
O  9.91804382  17.54947559  14.53893690
O  13.51757332  15.39559032  16.28108225
O  16.37307827  10.30725549  13.55151784
O  16.21550773  13.08120654  12.56961105
O  19.00112772  12.25823224  12.97478976
O  16.06051359  15.60437144  11.08975349
O  17.50625698  12.33414213  15.33535309
O  15.44407960  14.43164464  14.87384753
O  14.72581908  12.18093376  14.99913129
O  13.04600351  13.79048958  8.77775702
O  13.21030784  11.03887177  10.23872301
O  12.61600750  13.63791764  14.11334139
O  15.78703414  12.88023626  9.65527852
O  14.03504997  11.78289863  12.79451708
O  15.47669454  12.46333938  17.51521560
O  12.56869535  12.51604815  16.82412126
O  13.55703915  13.79153102  11.26748411
O  14.23369660  9.91610548  15.86557473
O  11.27042183  11.88921297  12.45082963
O  13.30346828  9.46339440  13.06686610
