57
# EA5    28.786 27.869 26.443 90.00 90.00 90.00 Sym.group:    0
Ti  15.95865147  11.13210450  11.71809993
Ti  11.62445880  11.63149534  15.35305930
Ti  9.86304894  10.82058092  12.83559906
Ti  13.22135450  12.25710647  12.09898201
Ti  17.09876488  13.39459391  9.96406975
Ti  18.44380853  12.59404688  14.48777159
Ti  17.22061763  10.06024937  13.97546880
Ti  14.44330759  11.53637726  15.09532134
Ti  11.73321375  17.61144921  13.50859474
Ti  11.97804192  14.91999480  14.91778438
Ti  10.27984695  13.39941530  11.76461282
Ti  12.08924371  15.39826068  11.08886709
Ti  15.10559586  14.29502467  13.32804331
Ti  14.95867017  15.38792115  10.28579928
Ti  14.20861223  18.54225757  14.25914715
Ti  14.63223261  16.31282120  16.30100720
Ti  16.54036666  14.25695514  15.99003988
Ti  18.18121916  14.53255512  12.34963330
Ti  16.32631113  17.19753366  12.04321415
O  14.13774016  11.08723485  11.12789666
O  13.14032084  11.11875508  16.31941139
O  9.25991668  9.48354895  12.11339334
O  11.33469509  11.84026463  11.74486005
O  10.31508148  10.61749698  14.69592930
O  16.85695928  11.59147496  10.18698254
O  12.79001937  11.55967603  13.91467680
O  18.66264260  14.11643789  10.59827384
O  19.45228182  13.60210907  13.34890668
O  18.18899149  13.41362867  16.11699176
O  15.70518739  10.20742740  14.97622297
O  17.32741510  11.65532364  13.08807491
O  14.95176144  12.31042053  13.13218150
O  16.44968956  9.49472456  12.32469774
O  18.68244763  10.73889586  14.86722575
O  15.35298602  12.89670800  15.91031484
O  12.54461547  19.25791455  13.93591037
O  13.39277740  16.93887824  13.90862140
O  11.58433059  17.03015035  11.78827912
O  13.60245740  13.97293861  11.37738447
O  10.90753398  16.45877298  14.63622146
O  8.91594821  12.46046910  12.44543556
O  11.16240860  13.41234668  15.53395449
O  10.72787818  14.51881553  10.30645111
O  11.30190740  14.44733066  12.81394241
O  13.49577507  14.14740073  14.10146874
O  15.51479426  15.54412885  14.86508389
O  15.85358118  14.34680592  9.02550904
O  16.04872406  16.95091780  10.28606371
O  17.01514044  13.97859609  13.97039178
O  13.34219973  15.95355744  9.79145116
O  15.03688277  15.89706627  12.26340334
O  12.99541020  15.55117979  16.35775345
O  15.89503357  15.41021663  17.30348015
O  16.37211026  13.92296887  11.56063307
O  14.70606968  18.15063749  15.97792908
O  17.89778845  16.32865099  12.52873038
O  15.58298920  18.58183204  13.01057106
